// alignID alignOntime alignSitch alignPitch alignOnvel refID refOntime refSitch refPitch refOnvel
0	29.199000	C5	72	46	0	0.000000	C5	72	90	
1	29.222000	A4	69	40	1	0.000000	A4	69	90	
2	29.732000	E5	76	56	3	0.375000	E5	76	90	
3	29.736000	C5	72	50	2	0.375000	C5	72	90	
4	30.189000	C5	72	58	5	0.750000	C5	72	90	
5	30.213000	A4	69	47	4	0.750000	A4	69	90	
6	30.876000	B4	71	54	7	1.125000	B4	71	90	
7	30.877000	A2	45	36	10	1.125000	A2	45	90	
8	30.887000	G#4	68	50	8	1.125000	G#4	68	90	
9	30.897000	E3	52	39	9	1.125000	E3	52	90	
10	30.898000	D4	62	47	6	1.125000	D4	62	90	
11	32.114000	C4	60	35	11	1.875000	C4	60	90	
12	32.575000	A4	69	45	12	2.250000	A4	69	90	
13	32.995000	G4	67	60	13	2.625000	G4	67	90	
14	33.452000	F4	65	64	14	3.000000	F4	65	90	
15	34.098000	E4	64	52	16	3.375000	E4	64	90	
16	34.123000	D4	62	42	17	3.375000	D4	62	90	
17	34.131000	G#3	56	38	15	3.375000	G#3	56	90	
18	34.919000	G4	67	30	*	-1	*	-1	-1	
19	34.968000	F4	65	50	18	3.937500	F4	65	90	
20	35.309000	A3	57	33	21	4.125000	A3	57	90	
21	35.347000	E4	64	41	20	4.125000	E4	64	90	
22	35.361000	C4	60	41	19	4.125000	C4	60	90	
23	36.343000	C5	72	36	23	4.500000	C5	72	90	
24	36.375000	A4	69	26	22	4.500000	A4	69	90	
25	36.893000	E5	76	47	24	4.875000	E5	76	90	
26	36.907000	C5	72	39	25	4.875000	C5	72	90	
27	37.387000	C5	72	54	26	5.250000	C5	72	90	
28	37.418000	A4	69	44	27	5.250000	A4	69	90	
29	38.084000	B4	71	50	28	5.625000	B4	71	90	
30	38.088000	D4	62	43	29	5.625000	D4	62	90	
31	38.095000	G#4	68	44	30	5.625000	G#4	68	90	
32	38.097000	A2	45	31	32	5.625000	A2	45	90	
33	38.118000	E3	52	37	31	5.625000	E3	52	90	
34	39.270000	C4	60	45	33	6.375000	C4	60	90	
35	39.753000	A4	69	56	34	6.750000	A4	69	90	
36	40.353000	C5	72	54	35	7.125000	C5	72	90	
37	40.358000	G4	67	52	36	7.125000	G4	67	90	
38	40.870000	A4	69	57	38	7.500000	A4	69	90	
39	40.887000	F4	65	52	37	7.500000	F4	65	90	
40	41.575000	E4	64	49	41	7.875000	E4	64	90	
41	41.584000	G#3	56	40	39	7.875000	G#3	56	90	
42	41.596000	D4	62	45	40	7.875000	D4	62	90	
43	42.444000	G4	67	41	*	-1	*	-1	-1	
44	42.578000	F4	65	42	42	8.437500	F4	65	90	
45	42.979000	E4	64	39	43	8.625000	E4	64	90	
46	43.004000	C4	60	36	44	8.625000	C4	60	90	
47	43.035000	A3	57	29	45	8.625000	A3	57	90	
48	43.927000	C5	72	41	47	9.000000	C5	72	90	
49	43.946000	A4	69	32	46	9.000000	A4	69	90	
50	44.518000	E3	52	46	52	9.375000	E3	52	90	
51	44.534000	E5	76	45	48	9.375000	E5	76	90	
52	44.536000	A2	45	41	51	9.375000	A2	45	90	
53	44.537000	E4	64	41	49	9.375000	E4	64	90	
54	44.544000	C5	72	37	50	9.375000	C5	72	90	
55	45.027000	C5	72	50	53	9.750000	C5	72	90	
56	45.040000	A4	69	47	54	9.750000	A4	69	90	
57	45.241000	F#3	54	57	55	9.937500	F#3	54	90	
58	45.708000	G3	55	49	59	10.125000	G3	55	90	
59	45.709000	B4	71	55	56	10.125000	B4	71	90	
60	45.716000	G4	67	51	57	10.125000	G4	67	90	
61	45.718000	E3	52	46	58	10.125000	E3	52	90	
62	46.317000	B3	59	60	60	10.500000	B3	59	90	
63	46.344000	E3	52	13	*	-1	*	-1	-1	
64	46.797000	C4	60	60	61	10.875000	C4	60	90	
65	47.264000	A4	69	56	62	11.250000	A4	69	90	
66	47.273000	F#4	66	50	63	11.250000	F#4	66	90	
67	47.683000	B4	71	56	64	11.625000	B4	71	90	
68	47.691000	G4	67	57	65	11.625000	G4	67	90	
69	48.093000	C5	72	56	66	12.000000	C5	72	90	
70	48.094000	A4	69	54	67	12.000000	A4	69	90	
71	48.098000	Eb4	63	54	68	12.000000	Eb4	63	90	
72	48.665000	B4	71	53	70	12.375000	B4	71	90	
73	48.675000	G4	67	47	69	12.375000	G4	67	90	
74	48.684000	E4	64	51	71	12.375000	E4	64	90	
75	49.554000	E3	52	46	72	13.125000	E3	52	90	
76	50.018000	C5	72	63	74	13.500000	C5	72	90	
77	50.036000	A4	69	51	73	13.500000	A4	69	90	
78	50.486000	E5	76	57	76	13.875000	E5	76	90	
79	50.494000	C5	72	51	75	13.875000	C5	72	90	
80	50.968000	C4	60	63	79	14.250000	C4	60	90	
81	50.969000	C5	72	47	77	14.250000	C5	72	90	
82	50.986000	A4	69	42	78	14.250000	A4	69	90	
83	51.586000	E4	64	52	82	14.625000	E4	64	90	
84	51.589000	B4	71	50	81	14.625000	B4	71	90	
85	51.598000	G4	67	45	80	14.625000	G4	67	90	
86	52.131000	C4	60	48	83	15.000000	C4	60	90	
87	52.633000	B3	59	46	84	15.375000	B3	59	90	
88	53.115000	A4	69	43	86	15.750000	A4	69	90	
89	53.128000	F#4	66	37	85	15.750000	F#4	66	90	
90	53.605000	B4	71	50	87	16.125000	B4	71	90	
91	53.623000	G4	67	44	88	16.125000	G4	67	90	
92	54.085000	C5	72	50	90	16.500000	C5	72	90	
93	54.101000	A4	69	43	89	16.500000	A4	69	90	
94	54.121000	A3	57	35	91	16.500000	A3	57	90	
95	54.775000	G4	67	39	93	16.875000	G4	67	90	
96	54.775000	B4	71	44	92	16.875000	B4	71	90	
97	54.788000	B3	59	34	94	16.875000	B3	59	90	
98	55.842000	E3	52	33	95	17.625000	E3	52	90	
99	56.944000	G4	67	37	97	18.375000	G4	67	90	
100	56.946000	B4	71	41	96	18.375000	B4	71	90	
101	58.134000	B4	71	44	99	19.125000	B4	71	90	
102	58.138000	F2	41	31	101	19.125000	F2	41	90	
103	58.140000	G4	67	35	100	19.125000	G4	67	90	
104	58.149000	C4	60	37	98	19.125000	C4	60	90	
105	59.171000	A4	69	50	102	19.875000	A4	69	90	
106	59.200000	F4	65	37	103	19.875000	F4	65	90	
107	59.590000	G4	67	53	104	20.250000	G4	67	90	
108	59.625000	E4	64	35	105	20.250000	E4	64	90	
109	60.039000	F5	77	62	106	20.625000	F5	77	90	
110	60.053000	F4	65	42	109	20.625000	F4	65	90	
111	60.054000	A4	69	46	108	20.625000	A4	69	90	
112	60.061000	F3	53	24	110	20.625000	F3	53	90	
113	60.067000	D4	62	37	107	20.625000	D4	62	90	
114	60.469000	E4	64	57	112	21.000000	E4	64	90	
115	60.471000	C4	60	54	111	21.000000	C4	60	90	
116	61.043000	F5	77	66	113	21.375000	F5	77	90	
117	61.064000	E4	64	46	115	21.375000	E4	64	90	
118	61.069000	A4	69	50	114	21.375000	A4	69	90	
119	61.073000	C4	60	47	117	21.375000	C4	60	90	
120	61.073000	G3	55	41	116	21.375000	G3	55	90	
121	62.042000	B3	59	44	119	22.125000	B3	59	90	
122	62.044000	D4	62	47	120	22.125000	D4	62	90	
123	62.064000	G4	67	53	118	22.125000	G4	67	90	
124	62.499000	A5	81	62	121	22.500000	A5	81	90	
125	62.893000	C4	60	50	125	22.875000	C4	60	90	
126	62.894000	G5	79	65	123	22.875000	G5	79	90	
127	62.897000	E4	64	47	124	22.875000	E4	64	90	
128	62.917000	A4	69	50	122	22.875000	A4	69	90	
129	63.273000	F5	77	66	126	23.250000	F5	77	90	
130	63.297000	F4	65	52	129	23.250000	F4	65	90	
131	63.302000	D4	62	47	128	23.250000	D4	62	90	
132	63.692000	G4	67	56	133	23.625000	G4	67	90	
133	63.696000	E5	76	64	130	23.625000	E5	76	90	
134	63.699000	G3	55	26	132	23.625000	G3	55	90	
135	63.701000	C5	72	60	131	23.625000	C5	72	90	
136	63.711000	E4	64	54	134	23.625000	E4	64	90	
137	64.098000	G5	79	64	135	24.000000	G5	79	90	
138	64.507000	C6	84	68	136	24.375000	C6	84	90	
139	64.914000	E4	64	59	138	24.750000	E4	64	90	
140	64.915000	A5	81	69	137	24.750000	A5	81	90	
141	65.433000	E5	76	63	139	25.125000	E5	76	90	
142	65.446000	C5	72	53	140	25.125000	C5	72	90	
143	65.460000	A4	69	45	141	25.125000	A4	69	90	
144	65.977000	D4	62	50	142	25.500000	D4	62	90	
145	66.186000	F#5	78	61	143	25.687500	F#5	78	90	
146	66.600000	F#5	78	55	145	25.875000	F#5	78	90	
147	66.616000	C5	72	46	144	25.875000	C5	72	90	
148	66.629000	G3	55	40	146	25.875000	G3	55	90	
149	66.653000	D4	62	34	147	25.875000	D4	62	90	
150	68.040000	B4	71	31	148	26.625000	B4	71	90	
151	68.041000	G5	79	38	149	26.625000	G5	79	90	
152	69.000000	G4	67	60	152	27.000000	G4	67	90	
153	69.007000	D4	62	55	151	27.000000	D4	62	90	
154	69.009000	B3	59	55	150	27.000000	B3	59	90	
155	69.552000	G4	67	62	154	27.375000	G4	67	90	
156	69.554000	C5	72	67	153	27.375000	C5	72	90	
157	69.558000	E4	64	63	155	27.375000	E4	64	90	
158	70.014000	A4	69	67	156	27.750000	A4	69	90	
159	70.021000	C4	60	64	157	27.750000	C4	60	90	
160	70.026000	E4	64	61	158	27.750000	E4	64	90	
161	70.218000	G1	31	54	*	-1	*	-1	-1	
162	70.624000	F#4	66	64	161	28.125000	F#4	66	90	
163	70.631000	C4	60	60	159	28.125000	C4	60	90	
164	70.636000	A3	57	53	160	28.125000	A3	57	90	
165	70.649000	G2	43	51	162	28.125000	G2	43	90	
166	71.722000	G4	67	52	163	28.875000	G4	67	90	
167	71.730000	B3	59	46	165	28.875000	B3	59	90	
168	71.734000	D4	62	44	164	28.875000	D4	62	90	
169	72.178000	F3	53	57	169	29.250000	F3	53	90	
170	72.194000	G#4	68	63	166	29.250000	G#4	68	90	
171	72.209000	B3	59	49	168	29.250000	B3	59	90	
172	72.210000	D4	62	48	167	29.250000	D4	62	90	
173	72.621000	E3	52	56	173	29.625000	E3	52	90	
174	72.635000	A4	69	62	170	29.625000	A4	69	90	
175	72.638000	E4	64	60	171	29.625000	E4	64	90	
176	72.649000	C4	60	56	172	29.625000	C4	60	90	
177	73.097000	F4	65	67	175	30.000000	F4	65	90	
178	73.103000	A3	57	57	176	30.000000	A3	57	90	
179	73.109000	C4	60	59	174	30.000000	C4	60	90	
180	73.729000	Eb4	63	63	177	30.375000	Eb4	63	90	
181	73.736000	F#3	54	54	179	30.375000	F#3	54	90	
182	73.751000	G2	43	49	180	30.375000	G2	43	90	
183	73.752000	A3	57	50	178	30.375000	A3	57	90	
184	74.935000	E4	64	49	181	31.125000	E4	64	90	
185	74.955000	G3	55	38	183	31.125000	G3	55	90	
186	74.968000	B3	59	38	182	31.125000	B3	59	90	
187	75.756000	Bb3	58	43	184	31.500000	Bb3	58	90	
188	75.758000	G4	67	46	185	31.500000	G4	67	90	
189	76.633000	F4	65	54	186	32.250000	F4	65	90	
190	76.639000	A3	57	47	187	32.250000	A3	57	90	
191	77.117000	Bb3	58	45	190	32.625000	Bb3	58	90	
192	77.126000	A3	57	43	188	32.625000	A3	57	90	
193	77.126000	F4	65	52	189	32.625000	F4	65	90	
194	77.558000	E4	64	55	192	33.000000	E4	64	90	
195	77.567000	G3	55	52	191	33.000000	G3	55	90	
196	78.078000	D4	62	52	193	33.375000	D4	62	90	
197	78.088000	Bb2	46	36	196	33.375000	Bb2	46	90	
198	78.100000	G3	55	37	195	33.375000	G3	55	90	
199	78.113000	E3	52	38	194	33.375000	E3	52	90	
200	78.996000	E3	52	17	*	-1	*	-1	-1	
201	79.009000	A2	45	39	198	34.125000	A2	45	90	
202	79.017000	C#4	61	51	197	34.125000	C#4	61	90	
203	79.480000	A4	69	51	199	34.500000	A4	69	90	
204	80.099000	G4	67	45	200	34.875000	G4	67	90	
205	80.105000	C#4	61	41	202	34.875000	C#4	61	90	
206	80.105000	A3	57	37	201	34.875000	A3	57	90	
207	80.139000	E3	52	32	204	34.875000	E3	52	90	
208	80.161000	D3	50	27	203	34.875000	D3	50	90	
209	81.293000	F3	53	33	208	35.625000	F3	53	90	
210	81.294000	F4	65	38	206	35.625000	F4	65	90	
211	81.306000	A3	57	26	205	35.625000	A3	57	90	
212	81.313000	D4	62	26	207	35.625000	D4	62	90	
213	81.858000	F4	65	54	209	36.000000	F4	65	90	
214	81.875000	D4	62	47	210	36.000000	D4	62	90	
215	82.413000	B2	47	45	214	36.375000	B2	47	90	
216	82.415000	A4	69	55	211	36.375000	A4	69	90	
217	82.419000	F4	65	43	213	36.375000	F4	65	90	
218	82.420000	A3	57	47	212	36.375000	A3	57	90	
219	82.882000	F4	65	60	216	36.750000	F4	65	90	
220	82.911000	D4	62	54	215	36.750000	D4	62	90	
221	83.586000	D4	62	49	219	37.125000	D4	62	90	
222	83.592000	E4	64	60	218	37.125000	E4	64	90	
223	83.597000	G#3	56	50	217	37.125000	G#3	56	90	
224	83.609000	E3	52	45	220	37.125000	E3	52	90	
225	84.836000	A3	57	45	221	37.875000	A3	57	90	
226	84.842000	G4	67	53	223	37.875000	G4	67	90	
227	84.856000	C4	60	47	222	37.875000	C4	60	90	
228	85.440000	F4	65	54	224	38.250000	F4	65	90	
229	86.005000	E2	40	35	228	38.625000	E2	40	90	
230	86.020000	E4	64	53	227	38.625000	E4	64	90	
231	86.028000	B3	59	40	225	38.625000	B3	59	90	
232	86.035000	G3	55	41	226	38.625000	G3	55	90	
233	86.604000	Eb4	63	54	230	39.000000	Eb4	63	90	
234	86.618000	F3	53	41	229	39.000000	F3	53	90	
235	86.629000	A3	57	40	231	39.000000	A3	57	90	
236	87.518000	Eb4	63	48	234	39.375000	Eb4	63	90	
237	87.523000	F3	53	40	232	39.375000	F3	53	90	
238	87.543000	A3	57	31	233	39.375000	A3	57	90	
239	89.645000	E4	64	40	236	40.125000	E4	64	90	
240	89.653000	E3	52	26	237	40.125000	E3	52	90	
241	89.658000	G#3	56	31	235	40.125000	G#3	56	90	
242	91.332000	A4	69	34	239	40.500000	A4	69	90	
243	91.333000	C5	72	40	238	40.500000	C5	72	90	
244	91.892000	C5	72	48	241	40.875000	C5	72	90	
245	91.903000	E5	76	51	240	40.875000	E5	76	90	
246	92.403000	C5	72	52	242	41.250000	C5	72	90	
247	92.422000	A4	69	45	243	41.250000	A4	69	90	
248	93.171000	B4	71	46	244	41.625000	B4	71	90	
249	93.181000	D4	62	41	245	41.625000	D4	62	90	
250	93.181000	E3	52	35	246	41.625000	E3	52	90	
251	94.449000	C4	60	37	248	42.375000	C4	60	90	
252	94.450000	G#4	68	45	247	42.375000	G#4	68	90	
253	94.914000	A4	69	52	250	42.750000	A4	69	90	
254	94.930000	F4	65	49	249	42.750000	F4	65	90	
255	95.373000	G4	67	55	252	43.125000	G4	67	90	
256	95.383000	C5	72	58	251	43.125000	C5	72	90	
257	95.400000	E4	64	46	253	43.125000	E4	64	90	
258	95.817000	A4	69	61	254	43.500000	A4	69	90	
259	95.830000	F4	65	56	255	43.500000	F4	65	90	
260	95.844000	D4	62	50	256	43.500000	D4	62	90	
261	96.399000	E4	64	57	259	43.875000	E4	64	90	
262	96.407000	D4	62	50	258	43.875000	D4	62	90	
263	96.422000	G#3	56	41	257	43.875000	G#3	56	90	
264	96.425000	E3	52	47	260	43.875000	E3	52	90	
265	97.163000	G4	67	46	*	-1	*	-1	-1	
266	97.251000	F4	65	46	262	44.437500	F4	65	90	
267	97.628000	E4	64	53	263	44.625000	E4	64	90	
268	97.646000	A3	57	40	265	44.625000	A3	57	90	
269	97.652000	A2	45	32	266	44.625000	A2	45	90	
270	97.660000	C4	60	43	264	44.625000	C4	60	90	
271	98.264000	C5	72	62	268	45.000000	C5	72	90	
272	98.283000	A4	69	54	267	45.000000	A4	69	90	
273	98.865000	A3	57	62	271	45.375000	A3	57	90	
274	98.879000	C5	72	46	270	45.375000	C5	72	90	
275	98.883000	E5	76	55	269	45.375000	E5	76	90	
276	98.892000	E4	64	48	272	45.375000	A3	57	90	
277	99.380000	C5	72	56	273	45.750000	C5	72	90	
278	99.389000	A4	69	56	274	45.750000	A4	69	90	
279	99.590000	G3	55	66	275	45.937500	G3	55	90	
280	99.957000	G3	55	45	279	46.125000	G3	55	90	
281	99.959000	A3	57	46	*	-1	*	-1	-1	
282	99.976000	E4	64	55	277	46.125000	E4	64	90	
283	99.977000	A4	69	63	278	46.125000	A4	69	90	
284	99.989000	C4	60	56	276	46.125000	C4	60	90	
285	101.077000	F#3	54	61	280	46.875000	F#3	54	90	
286	101.551000	A4	69	66	281	47.250000	A4	69	90	
287	102.192000	B1	35	37	285	47.625000	B1	35	90	
288	102.195000	C5	72	63	284	47.625000	C5	72	90	
289	102.209000	B2	47	45	286	47.625000	B2	47	90	
290	102.211000	Eb4	63	58	283	47.625000	Eb4	63	90	
291	102.229000	A4	69	36	282	47.625000	A4	69	90	
292	103.048000	A4	69	62	287	48.187500	A4	69	90	
293	103.066000	Eb4	63	55	288	48.187500	Eb4	63	90	
294	103.083000	C4	60	35	289	48.187500	C4	60	90	
295	103.350000	A4	69	60	291	48.375000	A4	69	90	
296	103.362000	E2	40	44	293	48.375000	E2	40	90	
297	103.375000	Eb4	63	47	290	48.375000	Eb4	63	90	
298	103.376000	E3	52	45	294	48.375000	E3	52	90	
299	103.389000	C4	60	47	292	48.375000	C4	60	90	
300	104.888000	G#4	68	50	295	49.125000	G#4	68	90	
301	104.918000	B3	59	36	297	49.125000	B3	59	90	
302	104.920000	E4	64	40	296	49.125000	E4	64	90	
303	105.500000	F5	77	58	298	49.500000	F5	77	90	
304	106.052000	B4	71	55	299	49.875000	B4	71	90	
305	106.070000	G#4	68	46	300	49.875000	G#4	68	90	
306	106.071000	F4	65	47	301	49.875000	F4	65	90	
307	106.102000	D4	62	33	302	49.875000	D4	62	90	
308	106.523000	C4	60	59	303	50.250000	C4	60	90	
309	106.712000	C5	72	58	304	50.437500	C5	72	90	
310	107.019000	E5	76	62	305	50.625000	E5	76	90	
311	107.032000	B3	59	40	306	50.625000	B3	59	90	
312	107.474000	D5	74	57	307	51.000000	D5	74	90	
313	107.915000	Bb3	58	52	311	51.375000	Bb3	58	90	
314	107.918000	G#4	68	60	308	51.375000	G#4	68	90	
315	107.940000	D4	62	47	309	51.375000	D4	62	90	
316	107.943000	F4	65	49	310	51.375000	F4	65	90	
317	108.335000	A3	57	59	312	51.750000	A3	57	90	
318	108.490000	A4	69	63	313	51.937500	A4	69	90	
319	108.739000	C5	72	71	314	52.125000	C5	72	90	
320	108.750000	G#3	56	57	315	52.125000	G#3	56	90	
321	109.154000	B4	71	69	316	52.500000	B4	71	90	
322	109.646000	G3	55	57	320	52.875000	G3	55	90	
323	109.649000	E4	64	72	318	52.875000	E4	64	90	
324	109.653000	Bb3	58	55	319	52.875000	Bb3	58	90	
325	109.658000	C#4	61	53	317	52.875000	C#4	61	90	
326	110.063000	F3	53	64	321	53.250000	F3	53	90	
327	110.253000	F4	65	70	322	53.437500	F4	65	90	
328	110.534000	E3	52	55	324	53.625000	E3	52	90	
329	110.539000	A4	69	68	323	53.625000	A4	69	90	
330	111.010000	G4	67	70	325	54.000000	G4	67	90	
331	111.561000	F4	65	66	327	54.375000	F4	65	90	
332	111.564000	G3	55	49	330	54.375000	G3	55	90	
333	111.568000	F2	41	42	329	54.375000	F2	41	90	
334	111.583000	Bb3	58	55	326	54.375000	Bb3	58	90	
335	111.586000	C#4	61	56	328	54.375000	C#4	61	90	
336	112.111000	C#4	61	65	331	54.750000	C#4	61	90	
337	112.842000	C#4	61	53	333	55.125000	C#4	61	90	
338	112.850000	A3	57	46	332	55.125000	A3	57	90	
339	114.162000	F3	53	49	335	55.875000	F3	53	90	
340	114.182000	D4	62	50	334	55.875000	D4	62	90	
341	114.509000	F4	65	54	336	56.125000	F4	65	90	
342	114.816000	A4	69	55	337	56.375000	A4	69	90	
343	115.141000	B3	59	52	341	56.625000	B3	59	90	
344	115.145000	B4	71	57	340	56.625000	B4	71	90	
345	115.147000	D3	50	50	342	56.625000	D3	50	90	
346	115.158000	A4	69	48	339	56.625000	A4	69	90	
347	115.198000	F4	65	42	338	56.625000	F4	65	90	
348	115.476000	D5	74	62	343	56.875000	D5	74	90	
349	115.492000	F4	65	13	*	-1	*	-1	-1	
350	115.853000	F5	77	71	344	57.125000	F5	77	90	
351	116.107000	E3	52	55	350	57.375000	B3	59	90	
352	116.649000	B5	83	65	345	57.375000	B5	83	90	
353	116.651000	F5	77	59	346	57.375000	F5	77	90	
354	116.659000	B4	71	57	348	57.375000	B4	71	90	
355	116.659000	A4	69	58	347	57.375000	A4	69	90	
356	116.673000	D4	62	48	349	57.375000	D4	62	90	
357	119.542000	E5	76	40	352	58.125000	E5	76	90	
358	119.566000	G#4	68	33	351	58.125000	G#4	68	90	
359	122.713000	E4	64	42	353	58.875000	E4	64	90	
360	123.757000	A2	45	28	357	59.625000	A2	45	90	
361	123.797000	E3	52	30	358	59.625000	E3	52	90	
362	123.851000	A4	69	33	355	59.625000	A4	69	90	
363	123.852000	C#5	73	40	354	59.625000	C#5	73	90	
364	123.884000	C#4	61	36	356	59.625000	C#4	61	90	
365	124.245000	Eb3	51	37	359	59.875000	Eb3	51	90	
366	124.453000	E3	52	37	360	60.125000	E3	52	90	
367	124.671000	F3	53	50	361	60.375000	F3	53	90	
368	124.861000	E3	52	46	362	60.625000	E3	52	90	
369	125.056000	F3	53	49	363	60.875000	F3	53	90	
370	125.279000	C#5	73	58	366	61.125000	C#5	73	90	
371	125.296000	C#4	61	42	364	61.125000	C#4	61	90	
372	125.298000	A4	69	47	365	61.125000	A4	69	90	
373	125.304000	F#3	54	41	367	61.125000	F#3	54	90	
374	125.483000	F3	53	42	368	61.375000	F3	53	90	
375	125.687000	F#3	54	45	369	61.625000	F#3	54	90	
376	125.998000	E5	76	60	371	61.875000	E5	76	90	
377	125.999000	G3	55	44	372	61.875000	G3	55	90	
378	126.018000	C#4	61	42	370	61.875000	C#4	61	90	
379	126.275000	A2	45	43	373	62.125000	A2	45	90	
380	126.497000	G3	55	47	374	62.375000	G3	55	90	
381	126.725000	D5	74	58	376	62.625000	D5	74	90	
382	126.736000	F#3	54	43	377	62.625000	F#3	54	90	
383	126.748000	D4	62	43	375	62.625000	D4	62	90	
384	126.973000	A2	45	46	378	62.875000	A2	45	90	
385	127.105000	C#5	73	63	379	63.000000	C#5	73	90	
386	127.221000	F#3	54	48	380	63.125000	F#3	54	90	
387	127.454000	F3	53	51	381	63.375000	F3	53	90	
388	127.691000	A2	45	47	382	63.625000	A2	45	90	
389	127.785000	B4	71	62	383	63.750000	B4	71	90	
390	127.903000	F3	53	46	384	63.875000	F3	53	90	
391	128.187000	A4	69	59	386	64.125000	A4	69	90	
392	128.193000	E4	64	52	387	64.125000	E4	64	90	
393	128.210000	C#4	61	44	385	64.125000	C#4	61	90	
394	128.213000	E3	52	39	388	64.125000	E3	52	90	
395	128.418000	A2	45	49	389	64.375000	A2	45	90	
396	128.612000	E3	52	44	391	64.625000	E3	52	90	
397	128.844000	D4	62	54	392	64.875000	D4	62	90	
398	128.867000	B3	59	46	393	64.875000	B3	59	90	
399	128.868000	F3	53	48	394	64.875000	F3	53	90	
400	129.081000	E3	52	51	395	65.125000	E3	52	90	
401	129.188000	G#4	68	65	396	65.250000	G#4	68	90	
402	129.300000	F3	53	50	397	65.375000	F3	53	90	
403	129.538000	F#3	54	50	401	65.625000	F#3	54	90	
404	129.549000	Eb4	63	58	399	65.625000	Eb4	63	90	
405	129.555000	B4	71	64	400	65.625000	B4	71	90	
406	129.562000	A3	57	51	398	65.625000	A3	57	90	
407	129.763000	F3	53	51	402	65.875000	F3	53	90	
408	129.902000	F#4	66	64	403	66.000000	F#4	66	90	
409	129.965000	F#3	54	54	404	66.125000	F#3	54	90	
410	130.246000	G3	55	56	409	66.375000	G3	55	90	
411	130.264000	F#4	66	63	406	66.375000	F#4	66	90	
412	130.289000	B3	59	41	407	66.375000	B3	59	90	
413	130.290000	D4	62	45	405	66.375000	D4	62	90	
414	130.324000	A2	45	29	408	66.375000	A2	45	90	
415	130.531000	F#3	54	56	410	66.625000	F#3	54	90	
416	130.727000	G3	55	56	411	66.875000	G3	55	90	
417	130.948000	G#3	56	56	412	67.125000	G#3	56	90	
418	131.140000	G3	55	54	413	67.375000	G3	55	90	
419	131.384000	G#3	56	57	414	67.625000	G#3	56	90	
420	131.666000	E4	64	53	415	67.875000	E4	64	90	
421	131.896000	B3	59	45	416	68.125000	B3	59	90	
422	132.181000	E3	52	47	417	68.375000	E3	52	90	
423	132.616000	A3	57	41	421	68.625000	A3	57	90	
424	132.625000	C#5	73	52	418	68.625000	C#5	73	90	
425	132.631000	A4	69	42	420	68.625000	A4	69	90	
426	132.632000	E4	64	42	419	68.625000	E4	64	90	
427	132.937000	B3	59	48	422	68.875000	B3	59	90	
428	133.141000	A3	57	48	423	69.125000	A3	57	90	
429	133.359000	G#3	56	49	424	69.375000	G#3	56	90	
430	133.559000	A3	57	51	425	69.625000	A3	57	90	
431	133.742000	G#3	56	57	426	69.875000	G#3	56	90	
432	133.954000	G3	55	50	430	70.125000	G3	55	90	
433	133.970000	C#5	73	65	429	70.125000	C#5	73	90	
434	133.989000	E4	64	52	427	70.125000	E4	64	90	
435	133.989000	A4	69	50	428	70.125000	A4	69	90	
436	134.174000	A3	57	56	431	70.375000	A3	57	90	
437	134.389000	G3	55	55	432	70.625000	G3	55	90	
438	134.654000	E5	76	65	433	70.875000	E5	76	90	
439	134.656000	A4	69	46	435	70.875000	A4	69	90	
440	134.680000	E4	64	41	434	70.875000	E4	64	90	
441	134.702000	F#3	54	42	436	70.875000	F#3	54	90	
442	134.926000	A3	57	50	437	71.125000	A3	57	90	
443	135.106000	F#3	54	40	438	71.375000	F#3	54	90	
444	135.408000	F3	53	41	440	71.625000	F3	53	90	
445	135.408000	D4	62	45	439	71.625000	D4	62	90	
446	135.657000	A3	57	48	442	71.875000	A3	57	90	
447	135.802000	D5	74	56	443	72.000000	D5	74	90	
448	135.915000	F3	53	42	444	72.125000	F3	53	90	
449	136.141000	C#5	73	61	445	72.375000	C#5	73	90	
450	136.167000	E3	52	44	447	72.375000	E3	52	90	
451	136.172000	E4	64	48	446	72.375000	E4	64	90	
452	136.383000	A3	57	49	449	72.625000	A3	57	90	
453	136.502000	B4	71	64	451	72.750000	B4	71	90	
454	136.519000	F4	65	54	450	72.750000	F4	65	90	
455	136.656000	D3	50	49	452	72.750000	D3	50	90	
456	137.048000	C#3	49	53	456	73.125000	C#3	49	90	
457	137.083000	F4	65	51	455	73.125000	F4	65	90	
458	137.083000	C#5	73	63	454	73.125000	C#5	73	90	
459	137.462000	G#3	56	57	457	73.375000	G#3	56	90	
460	137.652000	C#3	49	58	458	73.625000	C#3	49	90	
461	137.887000	F#4	66	63	459	73.875000	F#4	66	90	
462	137.891000	A3	57	55	460	73.875000	A3	57	90	
463	138.090000	C#3	49	61	461	74.125000	C#3	49	90	
464	138.218000	C#5	73	67	462	74.250000	C#5	73	90	
465	138.343000	A3	57	61	463	74.375000	A3	57	90	
466	138.569000	F#5	78	68	464	74.625000	F#5	78	90	
467	138.571000	C#3	49	55	466	74.625000	C#3	49	90	
468	138.585000	A4	69	59	465	74.625000	A4	69	90	
469	138.825000	C4	60	62	467	74.875000	C4	60	90	
470	138.931000	D5	74	68	469	75.000000	D5	74	90	
471	138.952000	F#4	66	50	468	75.000000	F#4	66	90	
472	139.064000	C#3	49	60	470	75.125000	C#3	49	90	
473	139.368000	C5	72	70	472	75.375000	C5	72	90	
474	139.371000	D4	62	56	473	75.375000	D4	62	90	
475	139.374000	F#4	66	57	471	75.375000	F#4	66	90	
476	139.639000	C#3	49	59	474	75.625000	C#3	49	90	
477	139.885000	D4	62	51	475	75.875000	D4	62	90	
478	140.129000	C#3	49	50	478	76.125000	C#3	49	90	
479	140.131000	C#5	73	60	476	76.125000	C#5	73	90	
480	140.153000	F4	65	47	477	76.125000	F4	65	90	
481	140.358000	C#4	61	52	479	76.375000	C#4	61	90	
482	140.559000	C#3	49	47	480	76.625000	C#3	49	90	
483	140.899000	B3	59	45	483	76.875000	B3	59	90	
484	140.914000	C#5	73	58	481	76.875000	C#5	73	90	
485	140.931000	F4	65	49	482	76.875000	F4	65	90	
486	141.164000	C#4	61	52	484	77.125000	C#4	61	90	
487	141.372000	B3	59	52	485	77.375000	B3	59	90	
488	141.654000	Bb3	58	49	489	77.625000	Bb3	58	90	
489	141.674000	C#5	73	59	487	77.625000	C#5	73	90	
490	141.678000	F#4	66	51	488	77.625000	F#4	66	90	
491	141.687000	E4	64	50	486	77.625000	E4	64	90	
492	141.964000	C#4	61	49	490	77.875000	C#4	61	90	
493	142.176000	Bb3	58	52	491	78.125000	Bb3	58	90	
494	142.376000	F#3	54	54	492	78.375000	F#3	54	90	
495	142.584000	Bb3	58	53	493	78.625000	Bb3	58	90	
496	142.794000	F#2	42	59	494	78.875000	F#2	42	90	
497	143.086000	G#3	56	53	496	79.125000	G#3	56	90	
498	143.107000	B4	71	60	495	79.125000	B4	71	90	
499	143.375000	Bb3	58	47	497	79.375000	F#3	54	90	
500	143.496000	C#5	73	67	498	79.500000	C#5	73	90	
501	143.576000	F#3	54	47	499	79.625000	Bb3	58	90	
502	143.898000	D5	74	65	500	79.875000	D5	74	90	
503	144.151000	B3	59	39	502	80.125000	B3	59	90	
504	144.393000	D4	62	45	504	80.375000	D4	62	90	
505	144.572000	C#5	73	61	505	80.625000	C#5	73	90	
506	144.777000	A3	57	55	506	80.875000	A3	57	90	
507	144.972000	D4	62	53	508	81.125000	D4	62	90	
508	145.192000	E5	76	65	511	81.375000	E5	76	90	
509	145.204000	D5	74	59	510	81.375000	D5	74	90	
510	145.216000	B4	71	54	509	81.375000	B4	71	90	
511	145.389000	G3	55	57	512	81.625000	G3	55	90	
512	145.609000	D4	62	58	514	81.875000	D4	62	90	
513	145.784000	F#5	78	70	516	82.125000	F#5	78	90	
514	145.791000	D5	74	64	*	-1	*	-1	-1	
515	145.809000	A4	69	58	515	82.125000	A4	69	90	
516	145.974000	F#3	54	59	517	82.375000	F#3	54	90	
517	146.221000	D4	62	60	519	82.625000	D4	62	90	
518	146.521000	A5	81	68	520	82.875000	A5	81	90	
519	146.522000	B4	71	52	522	82.875000	B4	71	90	
520	146.539000	G4	67	52	521	82.875000	G4	67	90	
521	146.811000	E3	52	50	523	83.125000	E3	52	90	
522	146.949000	G5	79	69	525	83.250000	G5	79	90	
523	147.084000	D4	62	51	526	83.375000	D4	62	90	
524	147.277000	F#5	78	63	527	83.625000	F#5	78	90	
525	147.299000	A4	69	51	528	83.625000	A4	69	90	
526	147.303000	G4	67	53	529	83.625000	G4	67	90	
527	147.495000	A3	57	56	530	83.875000	A3	57	90	
528	147.625000	E5	76	70	532	84.000000	E5	76	90	
529	147.651000	G4	67	54	*	-1	*	-1	-1	
530	147.734000	C#4	61	54	533	84.125000	C#4	61	90	
531	147.988000	F#5	78	70	534	84.375000	F#5	78	90	
532	148.211000	D4	62	53	536	84.625000	D4	62	90	
533	148.417000	F#4	66	57	538	84.875000	F#4	66	90	
534	148.602000	E5	76	66	539	85.125000	E5	76	90	
535	148.788000	C#4	61	65	540	85.375000	C#4	61	90	
536	148.988000	F#4	66	62	542	85.625000	F#4	66	90	
537	149.176000	G#5	80	69	543	85.875000	G#5	80	90	
538	149.181000	F#5	78	64	545	85.875000	F#5	78	90	
539	149.214000	D5	74	51	544	85.875000	D5	74	90	
540	149.392000	B3	59	60	546	86.125000	B3	59	90	
541	149.575000	F#4	66	67	548	86.375000	F#4	66	90	
542	149.766000	A5	81	76	549	86.625000	A5	81	90	
543	149.791000	C#5	73	59	550	86.625000	C#5	73	90	
544	149.981000	A3	57	66	551	86.875000	A3	57	90	
545	150.199000	F#4	66	68	553	87.125000	F#4	66	90	
546	150.536000	C#6	85	72	555	87.375000	C#6	85	90	
547	150.548000	D5	74	60	554	87.375000	D5	74	90	
548	150.874000	G#3	56	58	556	87.625000	G#3	56	90	
549	150.986000	B5	83	74	558	87.750000	B5	83	90	
550	151.131000	F#4	66	57	559	87.875000	F#4	66	90	
551	151.335000	A5	81	73	561	88.125000	A5	81	90	
552	151.347000	C#5	73	54	560	88.125000	C#5	73	90	
553	151.363000	B4	71	48	562	88.125000	B4	71	90	
554	151.548000	C#4	61	63	563	88.375000	C#4	61	90	
555	151.656000	G#5	80	73	565	88.500000	G#5	80	90	
556	151.797000	F4	65	65	566	88.625000	F4	65	90	
557	152.065000	A5	81	75	567	88.875000	A5	81	90	
558	152.135000	G5	79	28	*	-1	*	-1	-1	
559	152.230000	F#3	54	58	569	89.125000	F#3	54	90	
560	152.511000	A4	69	65	571	89.375000	A4	69	90	
561	152.733000	G#5	80	70	572	89.625000	G#5	80	90	
562	152.933000	C#4	61	58	573	89.875000	C#4	61	90	
563	153.136000	A4	69	58	575	90.125000	A4	69	90	
564	153.347000	F#5	78	69	576	90.375000	F#5	78	90	
565	153.540000	C4	60	57	577	90.625000	C4	60	90	
566	153.737000	A4	69	55	579	90.875000	A4	69	90	
567	154.003000	E5	76	67	580	91.125000	E5	76	90	
568	154.238000	C4	60	62	581	91.375000	C4	60	90	
569	154.481000	A4	69	58	583	91.625000	A4	69	90	
570	154.660000	Eb5	75	64	584	91.875000	Eb5	75	90	
571	154.899000	B3	59	54	585	92.125000	B3	59	90	
572	155.122000	Eb4	63	62	587	92.375000	A4	69	90	
573	155.357000	G#5	80	70	589	92.625000	G#5	80	90	
574	155.386000	A4	69	52	*	-1	*	-1	-1	
575	155.393000	B4	71	55	588	92.625000	B4	71	90	
576	155.580000	A3	57	58	590	92.875000	A3	57	90	
577	155.847000	Eb4	63	58	592	93.125000	Eb4	63	90	
578	155.979000	F#5	78	70	593	93.187500	F#5	78	90	
579	156.196000	G#3	56	54	596	93.375000	G#3	56	90	
580	156.221000	F#5	78	63	594	93.375000	F#5	78	90	
581	156.225000	B5	83	65	595	93.375000	B5	83	90	
582	156.508000	Eb4	63	59	597	93.625000	Eb4	63	90	
583	156.748000	B4	71	60	599	93.875000	B4	71	90	
584	156.940000	F5	77	66	600	94.125000	F5	77	90	
585	156.951000	B5	83	17	*	-1	*	-1	-1	
586	157.136000	D4	62	59	601	94.375000	D4	62	90	
587	157.339000	B4	71	62	603	94.625000	B4	71	90	
588	157.558000	E5	76	66	604	94.875000	E5	76	90	
589	157.762000	D4	62	58	605	95.125000	D4	62	90	
590	157.983000	B4	71	53	607	95.375000	B4	71	90	
591	158.198000	Eb5	75	61	608	95.625000	Eb5	75	90	
592	158.435000	Eb4	63	59	609	95.875000	Eb4	63	90	
593	158.657000	B4	71	55	611	96.118750	B4	71	90	
594	159.105000	E4	64	56	612	96.625000	E4	64	90	
595	159.325000	B4	71	48	614	96.868750	B4	71	90	
596	159.745000	D5	74	58	615	97.125000	D5	74	90	
597	159.983000	F4	65	53	616	97.375000	F4	65	90	
598	160.220000	B4	71	52	618	97.618750	B4	71	90	
599	160.645000	B3	59	51	619	98.125000	B3	59	90	
600	160.901000	G#4	68	54	621	98.368750	G#4	68	90	
601	160.913000	F4	65	46	622	98.368750	F4	65	90	
602	161.338000	A3	57	50	623	98.875000	A3	57	90	
603	161.459000	D5	74	56	625	99.000000	D5	74	90	
604	161.628000	F4	65	43	626	99.118750	F4	65	90	
605	161.637000	A4	69	35	627	99.118750	A4	69	90	
606	161.823000	C#5	73	55	628	99.375000	C#5	73	90	
607	162.001000	G#3	56	53	629	99.625000	G#3	56	90	
608	162.214000	B4	71	52	631	99.750000	B4	71	90	
609	162.316000	F4	65	41	632	99.868750	F4	65	90	
610	162.597000	A4	69	53	634	100.125000	A4	69	90	
611	162.806000	F#3	54	41	635	100.375000	F#3	54	90	
612	163.064000	C4	60	43	638	100.618750	C4	60	90	
613	163.072000	Eb4	63	39	637	100.618750	Eb4	63	90	
614	163.545000	B3	59	49	639	101.125000	B3	59	90	
615	163.672000	G#4	68	60	641	101.250000	G#4	68	90	
616	163.845000	Eb4	63	44	642	101.368750	Eb4	63	90	
617	164.091000	B4	71	57	643	101.625000	B4	71	90	
618	164.304000	B2	47	46	644	101.875000	B2	47	90	
619	164.428000	F#4	66	59	646	102.000000	F#4	66	90	
620	164.612000	A3	57	39	647	102.118750	A3	57	90	
621	164.636000	Eb4	63	42	648	102.118750	Eb4	63	90	
622	164.969000	D4	62	50	651	102.375000	D4	62	90	
623	164.991000	F#4	66	49	650	102.375000	F#4	66	90	
624	165.001000	G#3	56	45	649	102.375000	G#3	56	90	
625	165.245000	Eb3	51	45	652	102.625000	Eb3	51	90	
626	165.526000	E3	52	47	653	102.875000	E3	52	90	
627	166.135000	Eb2	39	40	654	103.375000	Eb2	39	90	
628	166.492000	E2	40	47	655	103.625000	E2	40	90	
629	166.963000	B3	59	40	657	103.875000	B3	59	90	
630	166.963000	E4	64	41	656	103.875000	E4	64	90	
631	166.977000	D4	62	37	658	103.875000	D4	62	90	
632	167.322000	G3	55	44	659	104.125000	G3	55	90	
633	167.800000	G#3	56	44	660	104.375000	G#3	56	90	
634	168.636000	A3	57	33	664	104.625000	A3	57	90	
635	168.796000	C#5	73	55	661	104.625000	C#5	73	90	
636	168.830000	E4	64	32	663	104.625000	E4	64	90	
637	168.832000	A4	69	39	662	104.625000	A4	69	90	
638	169.182000	B3	59	41	665	104.875000	B3	59	90	
639	169.401000	A3	57	43	666	105.125000	A3	57	90	
640	169.630000	G#3	56	48	667	105.375000	G#3	56	90	
641	169.840000	A3	57	49	668	105.625000	A3	57	90	
642	170.038000	G#3	56	54	669	105.875000	G#3	56	90	
643	170.271000	C#5	73	68	670	106.125000	C#5	73	90	
644	170.274000	G3	55	50	673	106.125000	G3	55	90	
645	170.297000	A4	69	52	671	106.125000	A4	69	90	
646	170.305000	E4	64	49	672	106.125000	E4	64	90	
647	170.506000	A3	57	47	674	106.375000	A3	57	90	
648	170.737000	G3	55	51	675	106.625000	G3	55	90	
649	171.092000	E5	76	65	676	106.875000	E5	76	90	
650	171.093000	A4	69	50	677	106.875000	A4	69	90	
651	171.107000	F#3	54	41	679	106.875000	F#3	54	90	
652	171.108000	E4	64	43	678	106.875000	E4	64	90	
653	171.427000	A3	57	42	680	107.125000	A3	57	90	
654	171.654000	F#3	54	41	681	107.375000	F#3	54	90	
655	171.928000	D4	62	49	682	107.625000	D4	62	90	
656	171.937000	F3	53	42	683	107.625000	F3	53	90	
657	172.173000	A3	57	43	684	107.875000	A3	57	90	
658	172.323000	D5	74	56	685	108.000000	D5	74	90	
659	172.464000	F3	53	42	686	108.125000	F3	53	90	
660	172.715000	C#5	73	56	688	108.375000	C#5	73	90	
661	172.747000	E4	64	45	687	108.375000	E4	64	90	
662	172.753000	E3	52	36	689	108.375000	E3	52	90	
663	172.989000	A3	57	47	690	108.625000	A3	57	90	
664	173.139000	B4	71	58	692	108.750000	B4	71	90	
665	173.169000	F4	65	47	691	108.750000	F4	65	90	
666	173.270000	D3	50	39	693	108.875000	D3	50	90	
667	174.026000	C#3	49	39	698	109.125000	C#3	49	90	
668	174.035000	A3	57	32	697	109.125000	A3	57	90	
669	174.036000	E5	76	53	695	109.125000	E5	76	90	
670	174.040000	A4	69	43	694	109.125000	A4	69	90	
671	174.049000	E4	64	40	696	109.125000	E4	64	90	
672	175.917000	E5	76	60	699	110.250000	E5	76	90	
673	176.529000	A5	81	65	700	110.625000	A5	81	90	
674	176.534000	E5	76	57	701	110.625000	E5	76	90	
675	176.546000	C#5	73	52	702	110.625000	C#5	73	90	
676	177.042000	F#5	78	63	705	111.000000	F#5	78	90	
677	177.053000	C#5	73	55	704	111.000000	C#5	73	90	
678	177.064000	A4	69	50	703	111.000000	A4	69	90	
679	177.780000	Eb5	75	62	708	111.375000	Eb5	75	90	
680	177.789000	A4	69	42	706	111.375000	A4	69	90	
681	177.802000	F#4	66	43	707	111.375000	F#4	66	90	
682	178.982000	E5	76	57	709	112.125000	E5	76	90	
683	178.986000	G#4	68	43	711	112.125000	G#4	68	90	
684	178.997000	B4	71	40	710	112.125000	B4	71	90	
685	179.484000	F#5	78	62	712	112.500000	F#5	78	90	
686	179.504000	C#5	73	50	713	112.500000	C#5	73	90	
687	179.520000	A4	69	44	714	112.500000	A4	69	90	
688	179.976000	D5	74	62	716	112.875000	D5	74	90	
689	179.996000	F#4	66	47	715	112.875000	F#4	66	90	
690	179.996000	A4	69	47	717	112.875000	A4	69	90	
691	180.446000	F#4	66	48	719	113.250000	F#4	66	90	
692	180.447000	C5	72	66	718	113.250000	C5	72	90	
693	180.469000	Eb4	63	45	720	113.250000	Eb4	63	90	
694	181.098000	C5	72	63	722	113.625000	C5	72	90	
695	181.107000	F#4	66	41	721	113.625000	F#4	66	90	
696	181.140000	Eb4	63	35	723	113.625000	Eb4	63	90	
697	181.902000	C#5	73	64	724	114.000000	C#5	73	90	
698	181.909000	E4	64	40	725	114.000000	E4	64	90	
699	181.924000	G#4	68	33	726	114.000000	G#4	68	90	
700	183.148000	D5	74	66	728	114.750000	D5	74	90	
701	183.172000	A4	69	43	729	114.750000	A4	69	90	
702	183.182000	F4	65	44	727	114.750000	F4	65	90	
703	184.902000	B4	71	48	731	115.500000	B4	71	90	
704	184.908000	F4	65	36	730	115.500000	F4	65	90	
705	184.914000	D4	62	41	732	115.500000	D4	62	90	
706	187.267000	G#4	68	38	734	116.250000	G#4	68	90	
707	187.287000	D4	62	32	735	116.250000	D4	62	90	
708	187.290000	B3	59	23	733	116.250000	B3	59	90	
709	190.867000	A4	69	41	736	117.000000	A4	69	90	
710	190.889000	F4	65	46	737	117.000000	F4	65	90	
711	191.541000	C5	72	49	738	117.375000	C5	72	90	
712	191.542000	F3	53	40	741	117.375000	F3	53	90	
713	191.550000	C4	60	44	740	117.375000	C4	60	90	
714	191.553000	A4	69	35	739	117.375000	A4	69	90	
715	192.164000	A4	69	46	743	117.750000	A4	69	90	
716	192.220000	F4	65	31	742	117.750000	F4	65	90	
717	192.815000	C3	48	40	746	118.125000	C3	48	90	
718	192.829000	G4	67	42	745	118.125000	G4	67	90	
719	192.851000	E4	64	34	744	118.125000	E4	64	90	
720	193.865000	B3	59	42	747	118.875000	B3	59	90	
721	194.348000	F4	65	47	749	119.250000	F4	65	90	
722	194.364000	D4	62	44	748	119.250000	D4	62	90	
723	194.910000	F4	65	52	750	119.625000	F4	65	90	
724	194.913000	A4	69	53	751	119.625000	A4	69	90	
725	194.916000	A3	57	43	753	119.625000	A3	57	90	
726	194.929000	D3	50	36	752	119.625000	D3	50	90	
727	195.471000	F4	65	58	754	120.000000	F4	65	90	
728	195.490000	D4	62	50	755	120.000000	D4	62	90	
729	196.445000	E4	64	52	756	120.375000	E4	64	90	
730	196.449000	D4	62	44	757	120.375000	D4	62	90	
731	196.466000	G#3	56	42	759	120.375000	G#3	56	90	
732	196.493000	E3	52	38	758	120.375000	E3	52	90	
733	197.538000	G4	67	38	*	-1	*	-1	-1	
734	197.622000	F4	65	46	760	120.937500	F4	65	90	
735	198.021000	E4	64	39	761	121.125000	E4	64	90	
736	198.999000	C5	72	47	763	121.500000	C5	72	90	
737	199.031000	A4	69	42	762	121.500000	A4	69	90	
738	199.606000	A2	45	45	767	121.875000	A2	45	90	
739	199.634000	E5	76	57	765	121.875000	E5	76	90	
740	199.638000	C5	72	41	766	121.875000	C5	72	90	
741	199.645000	E4	64	47	764	121.875000	E4	64	90	
742	200.163000	C5	72	56	768	122.250000	C5	72	90	
743	200.185000	A4	69	49	769	122.250000	A4	69	90	
744	200.854000	G#4	68	50	772	122.625000	G#4	68	90	
745	200.854000	B4	71	53	770	122.625000	B4	71	90	
746	200.867000	D4	62	46	771	122.625000	D4	62	90	
747	200.878000	E3	52	43	773	122.625000	E3	52	90	
748	202.014000	C4	60	41	774	123.375000	C4	60	90	
749	202.515000	A4	69	55	775	123.750000	A4	69	90	
750	203.011000	C5	72	57	777	124.125000	C5	72	90	
751	203.026000	G4	67	51	776	124.125000	G4	67	90	
752	203.462000	A4	69	57	779	124.500000	A4	69	90	
753	203.484000	F4	65	54	778	124.500000	F4	65	90	
754	204.114000	G#3	56	39	780	124.875000	G#3	56	90	
755	204.116000	E4	64	52	782	124.875000	E4	64	90	
756	204.126000	D4	62	52	781	124.875000	D4	62	90	
757	204.960000	G4	67	42	*	-1	*	-1	-1	
758	205.041000	F4	65	47	783	125.437500	F4	65	90	
759	205.453000	A3	57	33	784	125.625000	A3	57	90	
760	205.454000	E4	64	43	785	125.625000	E4	64	90	
761	205.461000	C4	60	34	786	125.625000	C4	60	90	
762	206.346000	C5	72	43	787	126.000000	C5	72	90	
763	206.360000	A4	69	33	788	126.000000	A4	69	90	
764	206.946000	E5	76	53	789	126.375000	E5	76	90	
765	206.954000	E3	52	47	793	126.375000	E3	52	90	
766	206.957000	E4	64	47	790	126.375000	E4	64	90	
767	206.959000	C5	72	47	791	126.375000	C5	72	90	
768	206.967000	A2	45	44	792	126.375000	A2	45	90	
769	207.475000	C5	72	55	795	126.750000	C5	72	90	
770	207.486000	A4	69	50	794	126.750000	A4	69	90	
771	207.687000	F#3	54	61	796	126.937500	F#3	54	90	
772	208.120000	B4	71	60	798	127.125000	B4	71	90	
773	208.128000	G4	67	53	797	127.125000	G4	67	90	
774	208.142000	E3	52	54	799	127.125000	E3	52	90	
775	208.153000	G3	55	56	800	127.125000	G3	55	90	
776	208.759000	B3	59	63	801	127.500000	B3	59	90	
777	209.256000	C4	60	62	802	127.875000	C4	60	90	
778	209.731000	A4	69	53	803	128.250000	A4	69	90	
779	209.744000	F#4	66	51	804	128.250000	F#4	66	90	
780	210.153000	B4	71	56	806	128.625000	B4	71	90	
781	210.174000	G4	67	51	805	128.625000	G4	67	90	
782	210.590000	C5	72	50	807	129.000000	C5	72	90	
783	210.595000	Eb4	63	51	809	129.000000	Eb4	63	90	
784	210.607000	A4	69	47	808	129.000000	A4	69	90	
785	211.158000	B4	71	50	810	129.375000	B4	71	90	
786	211.176000	G4	67	41	811	129.375000	G4	67	90	
787	211.188000	E4	64	41	812	129.375000	E4	64	90	
788	212.126000	E3	52	48	813	130.125000	E3	52	90	
789	212.566000	C5	72	55	815	130.500000	C5	72	90	
790	212.585000	A4	69	44	814	130.500000	A4	69	90	
791	213.030000	E5	76	60	817	130.875000	E5	76	90	
792	213.033000	C5	72	59	816	130.875000	C5	72	90	
793	213.442000	C4	60	63	820	131.250000	C4	60	90	
794	213.467000	C5	72	50	819	131.250000	C5	72	90	
795	213.490000	A4	69	44	818	131.250000	A4	69	90	
796	213.975000	B4	71	48	821	131.625000	B4	71	90	
797	213.978000	E4	64	57	823	131.625000	E4	64	90	
798	214.000000	G4	67	45	822	131.625000	G4	67	90	
799	214.470000	C4	60	50	824	132.000000	C4	60	90	
800	214.899000	B3	59	48	825	132.375000	B3	59	90	
801	215.344000	A4	69	51	827	132.750000	A4	69	90	
802	215.351000	F#4	66	46	826	132.750000	F#4	66	90	
803	215.808000	B4	71	52	828	133.125000	B4	71	90	
804	215.837000	G4	67	44	829	133.125000	G4	67	90	
805	216.249000	C5	72	47	830	133.500000	C5	72	90	
806	216.261000	A4	69	41	831	133.500000	A4	69	90	
807	216.283000	A3	57	40	832	133.500000	A3	57	90	
808	216.798000	B3	59	36	835	133.875000	B3	59	90	
809	216.816000	B4	71	40	834	133.875000	B4	71	90	
810	216.844000	G4	67	31	833	133.875000	G4	67	90	
811	217.735000	E3	52	37	836	134.625000	E3	52	90	
812	218.714000	B4	71	42	837	135.375000	B4	71	90	
813	218.716000	G4	67	38	838	135.375000	G4	67	90	
814	219.971000	C4	60	38	839	136.125000	C4	60	90	
815	219.978000	G4	67	38	841	136.125000	G4	67	90	
816	219.980000	B4	71	42	840	136.125000	B4	71	90	
817	219.998000	F2	41	33	842	136.125000	F2	41	90	
818	220.916000	A4	69	49	844	136.875000	A4	69	90	
819	220.935000	F4	65	44	843	136.875000	F4	65	90	
820	221.354000	G4	67	56	845	137.250000	G4	67	90	
821	221.374000	E4	64	42	846	137.250000	E4	64	90	
822	221.745000	F3	53	39	851	137.625000	F3	53	90	
823	221.755000	F5	77	67	847	137.625000	F5	77	90	
824	221.759000	F4	65	48	849	137.625000	F4	65	90	
825	221.763000	D4	62	49	850	137.625000	D4	62	90	
826	221.779000	A4	69	47	848	137.625000	A4	69	90	
827	222.154000	C4	60	54	853	138.000000	C4	60	90	
828	222.156000	E4	64	55	852	138.000000	E4	64	90	
829	222.645000	F5	77	70	855	138.375000	F5	77	90	
830	222.670000	A4	69	55	854	138.375000	A4	69	90	
831	222.674000	E4	64	44	858	138.375000	E4	64	90	
832	222.678000	G3	55	40	856	138.375000	G3	55	90	
833	222.683000	C4	60	46	857	138.375000	C4	60	90	
834	223.584000	B3	59	53	860	139.125000	B3	59	90	
835	223.587000	D4	62	56	861	139.125000	D4	62	90	
836	223.592000	G4	67	58	859	139.125000	G4	67	90	
837	224.059000	A5	81	66	862	139.500000	A5	81	90	
838	224.527000	G5	79	65	863	139.875000	G5	79	90	
839	224.537000	C4	60	48	866	139.875000	C4	60	90	
840	224.542000	A4	69	57	864	139.875000	A4	69	90	
841	224.556000	E4	64	47	865	139.875000	E4	64	90	
842	224.902000	F5	77	69	867	140.250000	F5	77	90	
843	224.917000	F4	65	59	869	140.250000	F4	65	90	
844	224.930000	B4	71	52	868	140.250000	B4	71	90	
845	224.938000	D4	62	39	870	140.250000	D4	62	90	
846	225.346000	E5	76	71	871	140.625000	E5	76	90	
847	225.357000	G4	67	64	874	140.625000	G4	67	90	
848	225.363000	C5	72	61	872	140.625000	C5	72	90	
849	225.366000	G3	55	51	875	140.625000	G3	55	90	
850	225.394000	E4	64	57	873	140.625000	E4	64	90	
851	225.771000	G5	79	70	876	141.000000	G5	79	90	
852	226.219000	C6	84	71	877	141.375000	C6	84	90	
853	226.629000	E4	64	65	879	141.750000	E4	64	90	
854	226.635000	A5	81	71	878	141.750000	A5	81	90	
855	227.195000	A4	69	48	882	142.125000	A4	69	90	
856	227.197000	E5	76	67	880	142.125000	E5	76	90	
857	227.207000	C5	72	54	881	142.125000	C5	72	90	
858	227.824000	D4	62	44	883	142.500000	D4	62	90	
859	228.023000	F#5	78	60	884	142.687500	F#5	78	90	
860	228.366000	F#5	78	53	886	142.875000	F#5	78	90	
861	228.373000	C5	72	49	885	142.875000	C5	72	90	
862	228.377000	D4	62	41	887	142.875000	D4	62	90	
863	228.395000	G3	55	35	888	142.875000	G3	55	90	
864	229.765000	G5	79	46	889	143.625000	G5	79	90	
865	229.776000	B4	71	42	890	143.625000	B4	71	90	
866	230.505000	G4	67	65	893	144.000000	G4	67	90	
867	230.518000	D4	62	52	891	144.000000	D4	62	90	
868	230.525000	B3	59	56	892	144.000000	B3	59	90	
869	230.986000	C5	72	68	895	144.375000	C5	72	90	
870	230.987000	G4	67	66	896	144.375000	G4	67	90	
871	231.010000	E4	64	54	894	144.375000	E4	64	90	
872	231.456000	A4	69	67	898	144.750000	A4	69	90	
873	231.462000	E4	64	59	899	144.750000	E4	64	90	
874	231.462000	C4	60	61	897	144.750000	C4	60	90	
875	231.702000	A4	69	23	*	-1	*	-1	-1	
876	231.729000	G1	31	56	*	-1	*	-1	-1	
877	232.030000	G2	43	61	903	145.125000	G2	43	90	
878	232.034000	F#4	66	67	900	145.125000	F#4	66	90	
879	232.035000	C4	60	60	901	145.125000	C4	60	90	
880	232.039000	A3	57	54	902	145.125000	A3	57	90	
881	233.126000	G4	67	62	904	145.875000	G4	67	90	
882	233.140000	B3	59	52	905	145.875000	B3	59	90	
883	233.570000	F3	53	59	909	146.250000	F3	53	90	
884	233.579000	G#4	68	68	906	146.250000	G#4	68	90	
885	233.588000	D4	62	56	908	146.250000	D4	62	90	
886	233.598000	B3	59	50	907	146.250000	B3	59	90	
887	233.999000	E3	52	56	913	146.625000	E3	52	90	
888	234.022000	E4	64	55	910	146.625000	E4	64	90	
889	234.022000	A4	69	61	911	146.625000	A4	69	90	
890	234.040000	C4	60	49	912	146.625000	C4	60	90	
891	234.431000	F4	65	66	915	147.000000	F4	65	90	
892	234.438000	A3	57	62	916	147.000000	A3	57	90	
893	234.458000	C4	60	51	914	147.000000	C4	60	90	
894	235.008000	G2	43	66	920	147.375000	G2	43	90	
895	235.032000	Eb4	63	62	917	147.375000	Eb4	63	90	
896	235.050000	F#3	54	44	919	147.375000	F#3	54	90	
897	235.069000	A3	57	42	918	147.375000	A3	57	90	
898	236.150000	E4	64	60	921	148.125000	E4	64	90	
899	236.156000	G3	55	56	923	148.125000	G3	55	90	
900	236.166000	B3	59	47	922	148.125000	B3	59	90	
901	236.819000	G4	67	66	924	148.500000	G4	67	90	
902	236.828000	Bb3	58	56	925	148.500000	Bb3	58	90	
903	237.791000	F4	65	61	926	149.250000	F4	65	90	
904	237.793000	A3	57	54	927	149.250000	A3	57	90	
905	238.257000	F4	65	61	928	149.625000	F4	65	90	
906	238.262000	Bb3	58	49	930	149.625000	Bb3	58	90	
907	238.274000	A3	57	47	929	149.625000	A3	57	90	
908	238.722000	E4	64	58	932	150.000000	E4	64	90	
909	238.735000	G3	55	49	931	150.000000	G3	55	90	
910	239.320000	D4	62	56	933	150.375000	D4	62	90	
911	239.351000	G3	55	46	935	150.375000	G3	55	90	
912	239.359000	Bb2	46	39	934	150.375000	Bb2	46	90	
913	239.367000	E3	52	47	936	150.375000	E3	52	90	
914	240.276000	A2	45	42	938	151.125000	A2	45	90	
915	240.317000	C#4	61	55	937	151.125000	C#4	61	90	
916	240.782000	A4	69	59	939	151.500000	A4	69	90	
917	241.545000	C#4	61	43	941	151.875000	C#4	61	90	
918	241.547000	G4	67	54	942	151.875000	G4	67	90	
919	241.553000	E3	52	35	943	151.875000	E3	52	90	
920	241.566000	A3	57	41	940	151.875000	A3	57	90	
921	241.576000	D3	50	33	944	151.875000	D3	50	90	
922	242.799000	F4	65	46	945	152.625000	F4	65	90	
923	242.805000	F3	53	35	948	152.625000	F3	53	90	
924	242.812000	D4	62	42	946	152.625000	D4	62	90	
925	243.299000	F4	65	57	949	153.000000	F4	65	90	
926	243.320000	D4	62	44	950	153.000000	D4	62	90	
927	243.917000	A4	69	55	952	153.375000	A4	69	90	
928	243.922000	B2	47	43	954	153.375000	B2	47	90	
929	243.923000	A3	57	46	951	153.375000	A3	57	90	
930	243.929000	F4	65	40	953	153.375000	F4	65	90	
931	244.416000	F4	65	59	956	153.750000	F4	65	90	
932	244.447000	D4	62	53	955	153.750000	D4	62	90	
933	245.199000	E4	64	52	957	154.125000	E4	64	90	
934	245.205000	G#3	56	50	959	154.125000	G#3	56	90	
935	245.207000	E3	52	40	960	154.125000	E3	52	90	
936	246.366000	A3	57	39	962	154.875000	A3	57	90	
937	246.377000	C4	60	36	963	154.875000	C4	60	90	
938	246.381000	G4	67	45	961	154.875000	G4	67	90	
939	246.868000	F4	65	54	964	155.250000	F4	65	90	
940	247.324000	E2	40	34	968	155.625000	E2	40	90	
941	247.353000	E4	64	53	967	155.625000	E4	64	90	
942	247.366000	B3	59	35	965	155.625000	B3	59	90	
943	247.372000	G3	55	37	966	155.625000	G3	55	90	
944	247.923000	Eb4	63	47	969	156.000000	Eb4	63	90	
945	247.924000	A3	57	40	970	156.000000	A3	57	90	
946	247.943000	F3	53	33	971	156.000000	F3	53	90	
947	248.702000	Eb4	63	46	973	156.375000	Eb4	63	90	
948	248.710000	A3	57	37	972	156.375000	A3	57	90	
949	248.710000	F3	53	39	974	156.375000	F3	53	90	
950	250.701000	G#3	56	29	976	157.125000	G#3	56	90	
951	250.704000	E3	52	28	977	157.125000	E3	52	90	
952	250.706000	E4	64	35	975	157.125000	E4	64	90	
953	252.213000	C5	72	39	979	157.500000	C5	72	90	
954	252.225000	A4	69	40	978	157.500000	A4	69	90	
955	252.776000	E5	76	54	980	157.875000	E5	76	90	
956	252.788000	C5	72	46	981	157.875000	C5	72	90	
957	253.259000	C5	72	57	982	158.250000	C5	72	90	
958	253.284000	A4	69	49	983	158.250000	A4	69	90	
959	253.973000	B4	71	54	985	158.625000	B4	71	90	
960	253.997000	E3	52	44	986	158.625000	E3	52	90	
961	253.999000	D4	62	44	984	158.625000	D4	62	90	
962	255.137000	G#4	68	58	988	159.375000	G#4	68	90	
963	255.151000	C4	60	49	987	159.375000	C4	60	90	
964	255.570000	A4	69	61	989	159.750000	A4	69	90	
965	255.588000	F4	65	53	990	159.750000	F4	65	90	
966	255.984000	G4	67	60	992	160.125000	G4	67	90	
967	255.985000	C5	72	60	991	160.125000	C5	72	90	
968	255.999000	E4	64	51	993	160.125000	E4	64	90	
969	256.425000	A4	69	62	995	160.500000	A4	69	90	
970	256.439000	F4	65	55	994	160.500000	F4	65	90	
971	256.446000	D4	62	53	996	160.500000	D4	62	90	
972	256.976000	E4	64	57	998	160.875000	E4	64	90	
973	256.976000	E3	52	42	1000	160.875000	E3	52	90	
974	256.977000	D4	62	53	999	160.875000	D4	62	90	
975	257.005000	G#3	56	43	997	160.875000	G#3	56	90	
976	257.770000	G4	67	47	*	-1	*	-1	-1	
977	257.844000	F4	65	57	1002	161.437500	F4	65	90	
978	258.203000	A2	45	32	1006	161.625000	A2	45	90	
979	258.205000	E4	64	49	1003	161.625000	E4	64	90	
980	258.224000	A3	57	38	1005	161.625000	A3	57	90	
981	258.228000	C4	60	42	1004	161.625000	C4	60	90	
982	258.918000	C5	72	51	1007	162.000000	C5	72	90	
983	258.931000	A4	69	45	1008	162.000000	A4	69	90	
984	259.579000	A3	57	50	1012	162.375000	A3	57	90	
985	259.592000	E4	64	43	1011	162.375000	E4	64	90	
986	259.599000	C5	72	36	1010	162.375000	C5	72	90	
987	259.599000	E5	76	45	1009	162.375000	E5	76	90	
988	260.121000	A4	69	48	1015	162.750000	A4	69	90	
989	260.127000	C5	72	53	1014	162.750000	C5	72	90	
990	260.348000	G3	55	51	1016	162.937500	G3	55	90	
991	260.672000	G3	55	58	1020	163.125000	G3	55	90	
992	260.701000	A4	69	50	1019	163.125000	A4	69	90	
993	260.713000	E4	64	36	1018	163.125000	E4	64	90	
994	260.715000	C4	60	46	1017	163.125000	C4	60	90	
995	261.736000	F#3	54	59	1021	163.875000	F#3	54	90	
996	262.205000	A4	69	62	1022	164.250000	A4	69	90	
997	262.801000	C5	72	58	1023	164.625000	C5	72	90	
998	262.812000	B1	35	48	1027	164.625000	B1	35	90	
999	262.815000	Eb4	63	56	1025	164.625000	Eb4	63	90	
1000	262.818000	B2	47	47	1026	164.625000	B2	47	90	
1001	262.835000	A4	69	37	1024	164.625000	A4	69	90	
1002	263.627000	A4	69	61	1029	165.187500	A4	69	90	
1003	263.638000	C4	60	54	1030	165.187500	C4	60	90	
1004	263.638000	Eb4	63	58	1028	165.187500	Eb4	63	90	
1005	263.916000	A4	69	62	1032	165.375000	A4	69	90	
1006	263.917000	E2	40	43	1035	165.375000	E2	40	90	
1007	263.921000	E3	52	50	1034	165.375000	E3	52	90	
1008	263.927000	Eb4	63	47	1031	165.375000	Eb4	63	90	
1009	263.928000	C4	60	49	1033	165.375000	C4	60	90	
1010	265.379000	G#4	68	51	1036	166.125000	G#4	68	90	
1011	265.408000	E4	64	38	1037	166.125000	E4	64	90	
1012	265.416000	B3	59	40	1038	166.125000	B3	59	90	
1013	266.024000	F5	77	57	1039	166.500000	F5	77	90	
1014	266.531000	B4	71	60	1042	166.875000	B4	71	90	
1015	266.548000	D4	62	46	1043	166.875000	D4	62	90	
1016	266.572000	G#4	68	38	1041	166.875000	G#4	68	90	
1017	266.578000	F4	65	38	1040	166.875000	F4	65	90	
1018	266.960000	C4	60	58	1044	167.250000	C4	60	90	
1019	267.153000	C5	72	61	1045	167.437500	C5	72	90	
1020	267.438000	E5	76	62	1046	167.625000	E5	76	90	
1021	267.458000	B3	59	43	1047	167.625000	B3	59	90	
1022	267.945000	D5	74	59	1048	168.000000	D5	74	90	
1023	268.334000	Bb3	58	49	1052	168.375000	Bb3	58	90	
1024	268.346000	G#4	68	64	1050	168.375000	G#4	68	90	
1025	268.373000	F4	65	49	1051	168.375000	F4	65	90	
1026	268.376000	D4	62	45	1049	168.375000	D4	62	90	
1027	268.724000	A3	57	62	1053	168.750000	A3	57	90	
1028	268.898000	A4	69	66	1054	168.937500	A4	69	90	
1029	269.140000	D4	62	12	*	-1	*	-1	-1	
1030	269.147000	G#3	56	59	1056	169.125000	G#3	56	90	
1031	269.150000	C5	72	67	1055	169.125000	C5	72	90	
1032	269.596000	B4	71	64	1057	169.500000	B4	71	90	
1033	269.963000	G3	55	61	1061	169.875000	G3	55	90	
1034	269.988000	D5	74	65	1059	169.875000	D5	74	90	
1035	269.992000	Bb4	70	57	1060	169.875000	Bb4	70	90	
1036	270.012000	E4	64	49	1058	169.875000	E4	64	90	
1037	270.347000	C#5	73	68	1062	170.250000	C#5	73	90	
1038	270.692000	E5	76	71	1065	170.625000	E5	76	90	
1039	270.706000	F3	53	67	1066	170.625000	F3	53	90	
1040	270.711000	A4	69	63	1064	170.625000	A4	69	90	
1041	270.715000	F4	65	60	1063	170.625000	F4	65	90	
1042	271.057000	D5	74	71	1067	171.000000	D5	74	90	
1043	271.433000	C#3	49	63	1071	171.375000	C#3	49	90	
1044	271.436000	A3	57	63	1072	171.375000	A3	57	90	
1045	271.437000	E5	76	74	1068	171.375000	E5	76	90	
1046	271.452000	A4	69	71	1069	171.375000	A4	69	90	
1047	271.453000	G4	67	66	1070	171.375000	G4	67	90	
1048	271.865000	A5	81	76	1073	171.750000	A5	81	90	
1049	272.057000	D3	50	64	1077	172.125000	D3	50	90	
1050	272.529000	G5	79	72	1074	172.125000	G5	79	90	
1051	272.534000	A4	69	66	1075	172.125000	A4	69	90	
1052	272.541000	E4	64	69	1078	172.125000	E4	64	90	
1053	272.543000	C#5	73	74	1076	172.125000	C#5	73	90	
1054	273.652000	D4	62	58	1082	172.875000	D4	62	90	
1055	273.654000	F5	77	65	1081	172.875000	F5	77	90	
1056	273.668000	D5	74	58	1079	172.875000	D5	74	90	
1057	274.104000	F5	77	75	1084	173.250000	F5	77	90	
1058	274.112000	D5	74	67	1083	173.250000	D5	74	90	
1059	274.618000	A5	81	74	1085	173.625000	A5	81	90	
1060	274.624000	F5	77	70	1087	173.625000	F5	77	90	
1061	275.088000	F5	77	68	1089	174.000000	F5	77	90	
1062	275.100000	D5	74	67	1088	174.000000	D5	74	90	
1063	275.669000	E5	76	73	1092	174.375000	E5	76	90	
1064	275.680000	A4	69	59	1091	174.375000	A4	69	90	
1065	275.684000	G4	67	61	1090	174.375000	G4	67	90	
1066	275.686000	D3	50	47	1093	174.375000	D3	50	90	
1067	275.700000	D2	38	45	1094	174.375000	D2	38	90	
1068	276.328000	D5	74	67	1095	174.750000	D5	74	90	
1069	276.334000	Bb4	70	65	1096	174.750000	Bb4	70	90	
1070	276.348000	F4	65	57	1097	174.750000	F4	65	90	
1071	276.758000	Bb4	70	59	1099	175.125000	Bb4	70	90	
1072	276.761000	F5	77	68	1098	175.125000	F5	77	90	
1073	276.784000	D5	74	57	1100	175.125000	D5	74	90	
1074	277.164000	D5	74	62	1103	175.500000	D5	74	90	
1075	277.167000	F4	65	57	1101	175.500000	F4	65	90	
1076	277.168000	Bb4	70	59	1102	175.500000	Bb4	70	90	
1077	277.579000	C5	72	67	1106	175.875000	C5	72	90	
1078	277.589000	F4	65	52	1104	175.875000	F4	65	90	
1079	277.624000	Eb4	63	28	1105	175.875000	Eb4	63	90	
1080	277.974000	Bb4	70	64	1109	176.250000	Bb4	70	90	
1081	277.982000	D4	62	60	1107	176.250000	D4	62	90	
1082	277.987000	F4	65	46	1108	176.250000	F4	65	90	
1083	278.357000	D5	74	64	1111	176.625000	D5	74	90	
1084	278.370000	Bb4	70	47	1112	176.625000	Bb4	70	90	
1085	278.380000	F4	65	51	1110	176.625000	F4	65	90	
1086	278.747000	F4	65	57	1113	177.000000	F4	65	90	
1087	278.749000	Bb4	70	62	1114	177.000000	Bb4	70	90	
1088	278.778000	D4	62	45	1115	177.000000	D4	62	90	
1089	279.191000	A4	69	62	1117	177.375000	A4	69	90	
1090	279.192000	F4	65	53	1116	177.375000	F4	65	90	
1091	279.207000	D4	62	58	1119	177.375000	D4	62	90	
1092	279.209000	C4	60	53	1118	177.375000	C4	60	90	
1093	279.429000	F4	65	18	*	-1	*	-1	-1	
1094	279.683000	B3	59	63	1121	177.750000	B3	59	90	
1095	279.688000	G#4	68	70	1120	177.750000	G#4	68	90	
1096	280.472000	F5	77	66	1123	178.125000	F5	77	90	
1097	280.480000	G#4	68	61	1122	178.125000	G#4	68	90	
1098	280.484000	F4	65	56	1124	178.125000	F4	65	90	
1099	280.485000	B3	59	46	1125	178.125000	B3	59	90	
1100	280.487000	D3	50	41	1126	178.125000	D3	50	90	
1101	281.242000	B3	59	43	*	-1	*	-1	-1	
1102	281.682000	E5	76	59	1127	178.687500	E5	76	90	
1103	282.297000	C3	48	35	1132	178.875000	C3	48	90	
1104	282.301000	A3	57	32	1131	178.875000	A3	57	90	
1105	282.450000	E5	76	57	1130	178.875000	E5	76	90	
1106	282.472000	E4	64	43	1128	178.875000	E4	64	90	
1107	282.473000	A4	69	46	1129	178.875000	A4	69	90	
1108	283.264000	A4	69	45	1133	179.250000	A4	69	90	
1109	283.725000	G#4	68	58	1134	179.625000	G#4	68	90	
1110	284.169000	E5	76	63	1136	180.000000	E5	76	90	
1111	284.175000	G4	67	55	1135	180.000000	G4	67	90	
1112	284.733000	A4	69	57	1137	180.375000	A4	69	90	
1113	284.742000	F#4	66	50	1138	180.375000	F#4	66	90	
1114	284.743000	D3	50	41	1140	180.375000	D3	50	90	
1115	284.746000	A3	57	40	1139	180.375000	A3	57	90	
1116	285.198000	B4	71	62	1142	180.750000	B4	71	90	
1117	285.212000	F4	65	56	1141	180.750000	F4	65	90	
1118	285.795000	E3	52	40	1145	181.125000	E3	52	90	
1119	285.846000	C5	72	62	1144	181.125000	C5	72	90	
1120	285.864000	E4	64	49	1143	181.125000	E4	64	90	
1121	286.534000	F4	65	52	1146	181.500000	F4	65	90	
1122	287.000000	C4	60	52	1147	181.875000	C4	60	90	
1123	287.480000	D4	62	47	1148	182.250000	D4	62	90	
1124	287.852000	F4	65	53	*	-1	*	-1	-1	
1125	288.244000	G#4	68	53	1151	182.625000	G#4	68	90	
1126	288.247000	E3	52	36	1152	182.625000	E3	52	90	
1127	288.261000	D4	62	42	1149	182.625000	D4	62	90	
1128	288.263000	E4	64	46	1150	182.625000	E4	64	90	
1129	289.572000	A4	69	48	*	-1	*	-1	-1	
1130	290.010000	A2	45	34	1154	183.375000	A2	45	90	
1131	290.071000	A4	69	44	1153	183.375000	A4	69	90	
1132	291.069000	F4	65	47	1155	183.750000	F4	65	90	
1133	291.079000	D4	62	45	1156	183.750000	D4	62	90	
1134	292.439000	F4	65	49	1158	184.500000	F4	65	90	
1135	292.473000	D4	62	40	1157	184.500000	D4	62	90	
1136	292.971000	A4	69	53	1159	184.875000	A4	69	90	
1137	292.979000	F4	65	48	1160	184.875000	F4	65	90	
1138	293.463000	F4	65	58	1161	185.250000	F4	65	90	
1139	293.499000	D4	62	39	1162	185.250000	D4	62	90	
1140	294.202000	F3	53	46	1165	185.625000	F3	53	90	
1141	294.210000	E4	64	52	1163	185.625000	E4	64	90	
1142	294.235000	C4	60	44	1164	185.625000	C4	60	90	
1143	295.145000	D4	62	47	1167	186.000000	D4	62	90	
1144	295.162000	B3	59	40	1168	186.000000	B3	59	90	
1145	296.860000	D4	62	40	1169	186.750000	D4	62	90	
1146	296.866000	B3	59	36	1170	186.750000	B3	59	90	
1147	297.667000	F4	65	46	1171	187.125000	F4	65	90	
1148	297.683000	D4	62	41	1172	187.125000	D4	62	90	
1149	298.664000	D4	62	36	1173	187.500000	D4	62	90	
1150	298.685000	B3	59	30	1174	187.500000	B3	59	90	
1151	301.085000	A2	45	24	1178	187.875000	A2	45	90	
1152	301.094000	A4	69	35	1176	187.875000	A4	69	90	
1153	301.097000	E4	64	35	1175	187.875000	E4	64	90	
1154	301.105000	C4	60	33	1177	187.875000	C4	60	90	
1155	301.115000	E3	52	31	1179	187.875000	E3	52	90	
1156	359.947000	A3	57	31	*	-1	*	-1	-1	
1157	359.961000	C3	48	26	*	-1	*	-1	-1	
1158	359.964000	F3	53	41	*	-1	*	-1	-1	
1159	361.446000	C3	48	12	*	-1	*	-1	-1	
1160	361.668000	E3	52	35	*	-1	*	-1	-1	
1161	361.984000	A3	57	41	*	-1	*	-1	-1	
1162	391.180000	A2	45	31	*	-1	*	-1	-1	
1163	391.659000	C3	48	32	*	-1	*	-1	-1	
1164	392.173000	F3	53	28	*	-1	*	-1	-1	
1165	393.025000	E3	52	40	*	-1	*	-1	-1	
*	-1	*	-1	-1	127	23.250000	B4	71	90	
*	-1	*	-1	-1	261	43.875000	E3	52	90	
*	-1	*	-1	-1	390	64.375000	A2	45	90	
*	-1	*	-1	-1	441	71.625000	F3	53	90	
*	-1	*	-1	-1	448	72.375000	E3	52	90	
*	-1	*	-1	-1	501	79.875000	D5	74	90	
*	-1	*	-1	-1	503	80.125000	B3	59	90	
*	-1	*	-1	-1	507	80.875000	A3	57	90	
*	-1	*	-1	-1	513	81.625000	G3	55	90	
*	-1	*	-1	-1	518	82.375000	F#3	54	90	
*	-1	*	-1	-1	524	83.125000	E3	52	90	
*	-1	*	-1	-1	531	83.875000	A3	57	90	
*	-1	*	-1	-1	535	84.375000	F#5	78	90	
*	-1	*	-1	-1	537	84.625000	D4	62	90	
*	-1	*	-1	-1	541	85.375000	C#4	61	90	
*	-1	*	-1	-1	547	86.125000	B3	59	90	
*	-1	*	-1	-1	552	86.875000	A3	57	90	
*	-1	*	-1	-1	557	87.625000	G#3	56	90	
*	-1	*	-1	-1	564	88.375000	C#4	61	90	
*	-1	*	-1	-1	568	88.875000	A5	81	90	
*	-1	*	-1	-1	570	89.125000	F#3	54	90	
*	-1	*	-1	-1	574	89.875000	C#4	61	90	
*	-1	*	-1	-1	578	90.625000	C4	60	90	
*	-1	*	-1	-1	582	91.375000	C4	60	90	
*	-1	*	-1	-1	586	92.125000	B3	59	90	
*	-1	*	-1	-1	591	92.875000	A3	57	90	
*	-1	*	-1	-1	598	93.625000	Eb4	63	90	
*	-1	*	-1	-1	602	94.375000	D4	62	90	
*	-1	*	-1	-1	606	95.125000	D4	62	90	
*	-1	*	-1	-1	610	95.875000	Eb4	63	90	
*	-1	*	-1	-1	613	96.625000	E4	64	90	
*	-1	*	-1	-1	617	97.375000	F4	65	90	
*	-1	*	-1	-1	620	98.125000	B3	59	90	
*	-1	*	-1	-1	624	98.875000	A3	57	90	
*	-1	*	-1	-1	630	99.625000	G#3	56	90	
*	-1	*	-1	-1	633	99.868750	B4	71	90	
*	-1	*	-1	-1	636	100.375000	F#3	54	90	
*	-1	*	-1	-1	640	101.125000	B3	59	90	
*	-1	*	-1	-1	645	101.875000	B2	47	90	
*	-1	*	-1	-1	947	152.625000	A3	57	90	
*	-1	*	-1	-1	958	154.125000	D4	62	90	
*	-1	*	-1	-1	1001	160.875000	E3	52	90	
*	-1	*	-1	-1	1013	162.375000	A3	57	90	
*	-1	*	-1	-1	1080	172.875000	A4	69	90	
*	-1	*	-1	-1	1086	173.625000	A5	81	90	
*	-1	*	-1	-1	1166	185.625000	A2	45	90	
*	-1	*	-1	-1	453	72.875000	G3	55	90	
