// alignID alignOntime alignSitch alignPitch alignOnvel refID refOntime refSitch refPitch refOnvel
0	11.033000	A4	69	40	1	0.000000	A4	69	90	
1	11.038000	C5	72	46	0	0.000000	C5	72	90	
2	11.506000	E5	76	61	3	0.375000	E5	76	90	
3	11.520000	C5	72	57	2	0.375000	C5	72	90	
4	11.978000	C5	72	60	5	0.750000	C5	72	90	
5	12.000000	A4	69	52	4	0.750000	A4	69	90	
6	12.721000	B4	71	56	7	1.125000	B4	71	90	
7	12.734000	G#4	68	50	8	1.125000	G#4	68	90	
8	12.738000	D4	62	47	6	1.125000	D4	62	90	
9	12.756000	A2	45	32	10	1.125000	A2	45	90	
10	12.757000	E3	52	33	9	1.125000	E3	52	90	
11	13.940000	C4	60	38	11	1.875000	C4	60	90	
12	14.370000	A4	69	46	12	2.250000	A4	69	90	
13	14.790000	G4	67	59	13	2.625000	G4	67	90	
14	15.226000	F4	65	60	14	3.000000	F4	65	90	
15	15.837000	E4	64	52	16	3.375000	E4	64	90	
16	15.853000	G#3	56	36	15	3.375000	G#3	56	90	
17	15.857000	D4	62	44	17	3.375000	D4	62	90	
18	16.583000	G4	67	31	*	-1	*	-1	-1	
19	16.639000	F4	65	43	18	3.937500	F4	65	90	
20	17.004000	E4	64	33	20	4.125000	E4	64	90	
21	17.011000	A3	57	25	21	4.125000	A3	57	90	
22	17.020000	C4	60	25	19	4.125000	C4	60	90	
23	17.884000	A4	69	37	22	4.500000	A4	69	90	
24	17.894000	C5	72	41	23	4.500000	C5	72	90	
25	18.398000	E5	76	56	24	4.875000	E5	76	90	
26	18.425000	C5	72	46	25	4.875000	C5	72	90	
27	18.872000	C5	72	61	26	5.250000	C5	72	90	
28	18.908000	A4	69	45	27	5.250000	A4	69	90	
29	19.603000	B4	71	51	28	5.625000	B4	71	90	
30	19.616000	G#4	68	48	30	5.625000	G#4	68	90	
31	19.620000	E3	52	36	31	5.625000	E3	52	90	
32	19.623000	A2	45	35	32	5.625000	A2	45	90	
33	19.625000	D4	62	45	29	5.625000	D4	62	90	
34	20.738000	C4	60	41	33	6.375000	C4	60	90	
35	21.198000	A4	69	46	34	6.750000	A4	69	90	
36	21.672000	C5	72	54	35	7.125000	C5	72	90	
37	21.673000	G4	67	51	36	7.125000	G4	67	90	
38	22.111000	A4	69	56	38	7.500000	A4	69	90	
39	22.128000	F4	65	53	37	7.500000	F4	65	90	
40	22.714000	E4	64	50	41	7.875000	E4	64	90	
41	22.726000	G#3	56	40	39	7.875000	G#3	56	90	
42	22.731000	D4	62	45	40	7.875000	D4	62	90	
43	23.478000	G4	67	40	*	-1	*	-1	-1	
44	23.554000	F4	65	48	42	8.437500	F4	65	90	
45	23.977000	E4	64	33	43	8.625000	E4	64	90	
46	23.986000	A3	57	26	45	8.625000	A3	57	90	
47	24.012000	C4	60	25	44	8.625000	C4	60	90	
48	24.762000	C5	72	45	47	9.000000	C5	72	90	
49	24.768000	A4	69	42	46	9.000000	A4	69	90	
50	25.323000	E3	52	47	52	9.375000	E3	52	90	
51	25.334000	C5	72	39	50	9.375000	C5	72	90	
52	25.336000	A2	45	38	51	9.375000	A2	45	90	
53	25.336000	E5	76	44	48	9.375000	E5	76	90	
54	25.347000	E4	64	35	49	9.375000	E4	64	90	
55	25.803000	C5	72	54	53	9.750000	C5	72	90	
56	25.827000	A4	69	43	54	9.750000	A4	69	90	
57	25.999000	F#3	54	59	55	9.937500	F#3	54	90	
58	26.283000	G3	55	57	59	10.125000	G3	55	90	
59	26.291000	E3	52	52	58	10.125000	E3	52	90	
60	26.297000	B4	71	57	56	10.125000	B4	71	90	
61	26.315000	G4	67	47	57	10.125000	G4	67	90	
62	26.850000	B3	59	57	60	10.500000	B3	59	90	
63	27.283000	C4	60	60	61	10.875000	C4	60	90	
64	27.285000	E3	52	29	*	-1	*	-1	-1	
65	27.736000	F#4	66	53	63	11.250000	F#4	66	90	
66	27.739000	A4	69	57	62	11.250000	A4	69	90	
67	28.136000	B4	71	62	64	11.625000	B4	71	90	
68	28.149000	G4	67	56	65	11.625000	G4	67	90	
69	28.544000	Eb4	63	54	68	12.000000	Eb4	63	90	
70	28.547000	A4	69	57	67	12.000000	A4	69	90	
71	28.547000	C5	72	60	66	12.000000	C5	72	90	
72	29.111000	B4	71	53	70	12.375000	B4	71	90	
73	29.113000	E4	64	47	71	12.375000	E4	64	90	
74	29.114000	G4	67	48	69	12.375000	G4	67	90	
75	29.991000	E3	52	56	72	13.125000	E3	52	90	
76	30.424000	C5	72	60	74	13.500000	C5	72	90	
77	30.431000	A4	69	55	73	13.500000	A4	69	90	
78	30.865000	E5	76	57	76	13.875000	E5	76	90	
79	30.891000	C5	72	48	75	13.875000	C5	72	90	
80	31.292000	C5	72	52	77	14.250000	C5	72	90	
81	31.296000	C4	60	67	79	14.250000	C4	60	90	
82	31.305000	A4	69	46	78	14.250000	A4	69	90	
83	31.878000	E4	64	63	82	14.625000	E4	64	90	
84	31.903000	B4	71	46	81	14.625000	B4	71	90	
85	31.925000	G4	67	40	80	14.625000	G4	67	90	
86	32.344000	C4	60	59	83	15.000000	C4	60	90	
87	32.826000	B3	59	52	84	15.375000	B3	59	90	
88	33.392000	A4	69	47	86	15.750000	A4	69	90	
89	33.393000	F#4	66	43	85	15.750000	F#4	66	90	
90	33.855000	B4	71	53	87	16.125000	B4	71	90	
91	33.879000	G4	67	45	88	16.125000	G4	67	90	
92	34.304000	A3	57	44	91	16.500000	A3	57	90	
93	34.309000	A4	69	41	89	16.500000	A4	69	90	
94	34.310000	C5	72	46	90	16.500000	C5	72	90	
95	34.922000	B4	71	44	92	16.875000	B4	71	90	
96	34.932000	G4	67	33	93	16.875000	G4	67	90	
97	34.933000	B3	59	36	94	16.875000	B3	59	90	
98	35.916000	E3	52	43	95	17.625000	E3	52	90	
99	36.871000	B4	71	47	96	18.375000	B4	71	90	
100	36.874000	G4	67	44	97	18.375000	G4	67	90	
101	38.139000	F2	41	30	101	19.125000	F2	41	90	
102	38.154000	B4	71	43	99	19.125000	B4	71	90	
103	38.160000	G4	67	39	100	19.125000	G4	67	90	
104	38.161000	C4	60	42	98	19.125000	C4	60	90	
105	39.161000	A4	69	47	102	19.875000	A4	69	90	
106	39.174000	F4	65	40	103	19.875000	F4	65	90	
107	39.564000	G4	67	56	104	20.250000	G4	67	90	
108	39.574000	E4	64	48	105	20.250000	E4	64	90	
109	39.971000	D4	62	47	107	20.625000	D4	62	90	
110	39.979000	F4	65	47	109	20.625000	F4	65	90	
111	39.983000	F5	77	65	106	20.625000	F5	77	90	
112	39.994000	F3	53	33	110	20.625000	F3	53	90	
113	40.007000	A4	69	49	108	20.625000	A4	69	90	
114	40.368000	C4	60	54	111	21.000000	C4	60	90	
115	40.371000	E4	64	58	112	21.000000	E4	64	90	
116	40.858000	F5	77	67	113	21.375000	F5	77	90	
117	40.884000	E4	64	47	115	21.375000	E4	64	90	
118	40.886000	C4	60	47	117	21.375000	C4	60	90	
119	40.888000	G3	55	38	116	21.375000	G3	55	90	
120	40.893000	A4	69	44	114	21.375000	A4	69	90	
121	41.751000	B3	59	47	119	22.125000	B3	59	90	
122	41.755000	G4	67	51	118	22.125000	G4	67	90	
123	41.765000	D4	62	51	120	22.125000	D4	62	90	
124	42.218000	A5	81	62	121	22.500000	A5	81	90	
125	42.658000	G5	79	64	123	22.875000	G5	79	90	
126	42.684000	A4	69	50	122	22.875000	A4	69	90	
127	42.685000	E4	64	48	124	22.875000	E4	64	90	
128	42.688000	C4	60	48	125	22.875000	C4	60	90	
129	43.032000	F5	77	64	126	23.250000	F5	77	90	
130	43.050000	B4	71	57	127	23.250000	B4	71	90	
131	43.062000	F4	65	56	129	23.250000	F4	65	90	
132	43.064000	D4	62	50	128	23.250000	D4	62	90	
133	43.440000	E5	76	65	130	23.625000	E5	76	90	
134	43.441000	G4	67	59	133	23.625000	G4	67	90	
135	43.441000	E4	64	55	134	23.625000	E4	64	90	
136	43.458000	C5	72	56	131	23.625000	C5	72	90	
137	43.835000	G5	79	69	135	24.000000	G5	79	90	
138	44.219000	C6	84	71	136	24.375000	C6	84	90	
139	44.619000	E4	64	64	138	24.750000	E4	64	90	
140	44.621000	A5	81	68	137	24.750000	A5	81	90	
141	45.113000	A4	69	58	141	25.125000	A4	69	90	
142	45.123000	E5	76	57	139	25.125000	E5	76	90	
143	45.131000	C5	72	50	140	25.125000	C5	72	90	
144	45.601000	D4	62	54	142	25.500000	D4	62	90	
145	45.800000	F#5	78	62	143	25.687500	F#5	78	90	
146	46.207000	F#5	78	53	145	25.875000	F#5	78	90	
147	46.218000	C5	72	43	144	25.875000	C5	72	90	
148	46.219000	D4	62	33	147	25.875000	D4	62	90	
149	46.228000	G3	55	33	146	25.875000	G3	55	90	
150	47.463000	G5	79	38	149	26.625000	G5	79	90	
151	47.468000	B4	71	34	148	26.625000	B4	71	90	
152	48.325000	G4	67	59	152	27.000000	G4	67	90	
153	48.338000	D4	62	52	151	27.000000	D4	62	90	
154	48.348000	B3	59	50	150	27.000000	B3	59	90	
155	48.805000	C5	72	64	153	27.375000	C5	72	90	
156	48.817000	G4	67	56	154	27.375000	G4	67	90	
157	48.825000	E4	64	54	155	27.375000	E4	64	90	
158	49.214000	A4	69	68	156	27.750000	A4	69	90	
159	49.217000	E4	64	60	158	27.750000	E4	64	90	
160	49.228000	C4	60	60	157	27.750000	C4	60	90	
161	49.417000	G1	31	54	*	-1	*	-1	-1	
162	49.781000	F#4	66	67	161	28.125000	F#4	66	90	
163	49.784000	C4	60	56	159	28.125000	C4	60	90	
164	49.787000	G2	43	51	162	28.125000	G2	43	90	
165	49.808000	A3	57	47	160	28.125000	A3	57	90	
166	50.854000	G4	67	52	163	28.875000	G4	67	90	
167	50.867000	D4	62	40	164	28.875000	D4	62	90	
168	50.874000	B3	59	33	165	28.875000	B3	59	90	
169	51.272000	F3	53	54	169	29.250000	F3	53	90	
170	51.290000	G#4	68	67	166	29.250000	G#4	68	90	
171	51.312000	D4	62	42	167	29.250000	D4	62	90	
172	51.322000	B3	59	46	168	29.250000	B3	59	90	
173	51.725000	A4	69	66	170	29.625000	A4	69	90	
174	51.736000	E3	52	52	173	29.625000	E3	52	90	
175	51.758000	C4	60	49	172	29.625000	C4	60	90	
176	52.145000	F4	65	66	175	30.000000	F4	65	90	
177	52.164000	A3	57	54	176	30.000000	A3	57	90	
178	52.167000	C4	60	50	174	30.000000	C4	60	90	
179	52.762000	Eb4	63	63	177	30.375000	Eb4	63	90	
180	52.773000	F#3	54	62	179	30.375000	F#3	54	90	
181	52.778000	G2	43	59	180	30.375000	G2	43	90	
182	52.801000	A3	57	42	178	30.375000	A3	57	90	
183	53.813000	E4	64	62	181	31.125000	E4	64	90	
184	53.830000	B3	59	51	182	31.125000	B3	59	90	
185	53.846000	G3	55	54	183	31.125000	G3	55	90	
186	54.536000	G4	67	56	185	31.500000	G4	67	90	
187	54.544000	Bb3	58	55	184	31.500000	Bb3	58	90	
188	55.502000	F4	65	56	186	32.250000	F4	65	90	
189	55.508000	A3	57	49	187	32.250000	A3	57	90	
190	55.929000	F4	65	60	189	32.625000	F4	65	90	
191	55.942000	Bb3	58	46	190	32.625000	Bb3	58	90	
192	55.953000	A3	57	43	188	32.625000	A3	57	90	
193	56.347000	G3	55	52	191	33.000000	G3	55	90	
194	56.359000	E4	64	58	192	33.000000	E4	64	90	
195	56.869000	D4	62	55	193	33.375000	D4	62	90	
196	56.885000	E3	52	44	194	33.375000	E3	52	90	
197	56.888000	G3	55	44	195	33.375000	G3	55	90	
198	56.889000	Bb2	46	40	196	33.375000	Bb2	46	90	
199	57.775000	A2	45	42	198	34.125000	A2	45	90	
200	57.777000	C#4	61	57	197	34.125000	C#4	61	90	
201	58.213000	A4	69	58	199	34.500000	A4	69	90	
202	58.791000	G4	67	55	200	34.875000	G4	67	90	
203	58.820000	C#4	61	42	202	34.875000	C#4	61	90	
204	58.820000	A3	57	40	201	34.875000	A3	57	90	
205	58.847000	E3	52	33	204	34.875000	E3	52	90	
206	58.862000	D3	50	32	203	34.875000	D3	50	90	
207	59.924000	F4	65	43	206	35.625000	F4	65	90	
208	59.941000	F3	53	32	208	35.625000	F3	53	90	
209	59.952000	A3	57	27	205	35.625000	A3	57	90	
210	59.970000	D4	62	22	207	35.625000	D4	62	90	
211	60.465000	F4	65	53	209	36.000000	F4	65	90	
212	60.488000	D4	62	41	210	36.000000	D4	62	90	
213	61.015000	B2	47	43	214	36.375000	B2	47	90	
214	61.049000	F4	65	44	213	36.375000	F4	65	90	
215	61.059000	A4	69	54	211	36.375000	A4	69	90	
216	61.067000	A3	57	38	212	36.375000	A3	57	90	
217	61.520000	F4	65	61	216	36.750000	F4	65	90	
218	61.542000	D4	62	55	215	36.750000	D4	62	90	
219	62.259000	D4	62	16	219	37.125000	D4	62	90	
220	62.273000	E3	52	42	220	37.125000	E3	52	90	
221	62.290000	E4	64	56	218	37.125000	E4	64	90	
222	62.298000	G#3	56	48	217	37.125000	G#3	56	90	
223	63.389000	A3	57	50	221	37.875000	A3	57	90	
224	63.390000	G4	67	57	223	37.875000	G4	67	90	
225	63.397000	C4	60	50	222	37.875000	C4	60	90	
226	63.861000	F4	65	60	224	38.250000	F4	65	90	
227	64.360000	E2	40	36	228	38.625000	E2	40	90	
228	64.392000	E4	64	53	227	38.625000	E4	64	90	
229	64.410000	G3	55	38	226	38.625000	G3	55	90	
230	64.423000	B3	59	32	225	38.625000	B3	59	90	
231	64.934000	Eb4	63	56	230	39.000000	Eb4	63	90	
232	64.938000	A3	57	43	231	39.000000	A3	57	90	
233	64.942000	F3	53	41	229	39.000000	F3	53	90	
234	65.862000	Eb4	63	49	234	39.375000	Eb4	63	90	
235	65.881000	F3	53	43	232	39.375000	F3	53	90	
236	65.889000	A3	57	39	233	39.375000	A3	57	90	
237	67.972000	G#3	56	29	235	40.125000	G#3	56	90	
238	67.973000	E3	52	27	237	40.125000	E3	52	90	
239	67.977000	E4	64	33	236	40.125000	E4	64	90	
240	69.241000	C5	72	39	238	40.500000	C5	72	90	
241	69.268000	A4	69	36	239	40.500000	A4	69	90	
242	69.781000	E5	76	52	240	40.875000	E5	76	90	
243	69.796000	C5	72	45	241	40.875000	C5	72	90	
244	70.269000	C5	72	58	242	41.250000	C5	72	90	
245	70.310000	A4	69	45	243	41.250000	A4	69	90	
246	70.943000	B4	71	47	244	41.625000	B4	71	90	
247	70.960000	E3	52	41	246	41.625000	E3	52	90	
248	70.962000	D4	62	49	245	41.625000	D4	62	90	
249	71.965000	G#4	68	49	247	42.375000	G#4	68	90	
250	71.975000	C4	60	47	248	42.375000	C4	60	90	
251	72.421000	A4	69	58	250	42.750000	A4	69	90	
252	72.433000	F4	65	54	249	42.750000	F4	65	90	
253	72.839000	G4	67	63	252	43.125000	G4	67	90	
254	72.840000	C5	72	58	251	43.125000	C5	72	90	
255	72.860000	E4	64	49	253	43.125000	E4	64	90	
256	73.294000	A4	69	63	254	43.500000	A4	69	90	
257	73.315000	F4	65	51	255	43.500000	F4	65	90	
258	73.318000	D4	62	51	256	43.500000	D4	62	90	
259	73.949000	E4	64	54	259	43.875000	E4	64	90	
260	73.950000	D4	62	50	258	43.875000	D4	62	90	
261	73.961000	E3	52	45	260	43.875000	E3	52	90	
262	73.969000	G#3	56	42	257	43.875000	G#3	56	90	
263	74.731000	G4	67	45	*	-1	*	-1	-1	
264	74.807000	F4	65	53	262	44.437500	F4	65	90	
265	75.216000	A2	45	29	266	44.625000	A2	45	90	
266	75.233000	E4	64	50	263	44.625000	E4	64	90	
267	75.250000	A3	57	38	265	44.625000	A3	57	90	
268	75.254000	C4	60	39	264	44.625000	C4	60	90	
269	75.891000	C5	72	51	268	45.000000	C5	72	90	
270	75.915000	A4	69	42	267	45.000000	A4	69	90	
271	76.533000	A3	57	54	271	45.375000	A3	57	90	
272	76.540000	C5	72	41	270	45.375000	C5	72	90	
273	76.541000	E5	76	49	269	45.375000	E5	76	90	
274	76.542000	E4	64	44	272	45.375000	A3	57	90	
275	77.076000	C5	72	50	273	45.750000	C5	72	90	
276	77.092000	A4	69	43	274	45.750000	A4	69	90	
277	77.282000	G3	55	60	275	45.937500	G3	55	90	
278	77.685000	G3	55	55	279	46.125000	G3	55	90	
279	77.705000	C4	60	49	276	46.125000	C4	60	90	
280	77.709000	A4	69	52	278	46.125000	A4	69	90	
281	77.710000	E4	64	45	277	46.125000	E4	64	90	
282	78.740000	F#3	54	52	280	46.875000	F#3	54	90	
283	79.242000	A4	69	64	281	47.250000	A4	69	90	
284	79.932000	B1	35	43	285	47.625000	B1	35	90	
285	79.932000	B2	47	46	286	47.625000	B2	47	90	
286	79.932000	C5	72	61	284	47.625000	C5	72	90	
287	79.941000	A4	69	52	282	47.625000	A4	69	90	
288	79.950000	Eb4	63	55	283	47.625000	Eb4	63	90	
289	80.824000	A4	69	59	287	48.187500	A4	69	90	
290	80.847000	C4	60	50	289	48.187500	C4	60	90	
291	80.851000	Eb4	63	52	288	48.187500	Eb4	63	90	
292	81.165000	A4	69	53	291	48.375000	A4	69	90	
293	81.185000	C4	60	46	292	48.375000	C4	60	90	
294	81.187000	E3	52	43	294	48.375000	E3	52	90	
295	81.193000	E2	40	35	293	48.375000	E2	40	90	
296	81.194000	Eb4	63	47	290	48.375000	Eb4	63	90	
297	82.731000	G#4	68	40	295	49.125000	G#4	68	90	
298	82.769000	E4	64	28	296	49.125000	E4	64	90	
299	82.778000	B3	59	16	297	49.125000	B3	59	90	
300	83.479000	F5	77	52	298	49.500000	F5	77	90	
301	84.089000	B4	71	45	299	49.875000	B4	71	90	
302	84.121000	D4	62	44	302	49.875000	D4	62	90	
303	84.121000	G#4	68	36	300	49.875000	G#4	68	90	
304	84.134000	F4	65	30	301	49.875000	F4	65	90	
305	84.583000	C4	60	55	303	50.250000	C4	60	90	
306	84.782000	C5	72	58	304	50.437500	C5	72	90	
307	85.078000	E5	76	59	305	50.625000	E5	76	90	
308	85.081000	B3	59	41	306	50.625000	B3	59	90	
309	85.559000	D5	74	55	307	51.000000	D5	74	90	
310	85.967000	G#4	68	62	308	51.375000	G#4	68	90	
311	85.992000	Bb3	58	47	311	51.375000	Bb3	58	90	
312	85.992000	D4	62	44	309	51.375000	D4	62	90	
313	86.000000	F4	65	40	310	51.375000	F4	65	90	
314	86.380000	A3	57	59	312	51.750000	A3	57	90	
315	86.532000	A4	69	61	313	51.937500	A4	69	90	
316	86.767000	C5	72	66	314	52.125000	C5	72	90	
317	86.772000	G#3	56	61	315	52.125000	G#3	56	90	
318	87.204000	B4	71	68	316	52.500000	B4	71	90	
319	87.614000	G3	55	60	320	52.875000	G3	55	90	
320	87.634000	E4	64	65	318	52.875000	E4	64	90	
321	87.646000	C#4	61	58	317	52.875000	C#4	61	90	
322	87.658000	Bb3	58	53	319	52.875000	Bb3	58	90	
323	88.018000	F3	53	59	321	53.250000	F3	53	90	
324	88.166000	F4	65	64	322	53.437500	F4	65	90	
325	88.419000	E3	52	58	324	53.625000	E3	52	90	
326	88.421000	A4	69	69	323	53.625000	A4	69	90	
327	88.862000	G4	67	70	325	54.000000	G4	67	90	
328	89.415000	F4	65	69	327	54.375000	F4	65	90	
329	89.419000	F2	41	43	329	54.375000	F2	41	90	
330	89.421000	G3	55	58	330	54.375000	G3	55	90	
331	89.437000	Bb3	58	56	326	54.375000	Bb3	58	90	
332	89.440000	C#4	61	54	328	54.375000	C#4	61	90	
333	89.940000	C#4	61	69	331	54.750000	C#4	61	90	
334	90.034000	Eb4	63	23	*	-1	*	-1	-1	
335	90.606000	C#4	61	63	333	55.125000	C#4	61	90	
336	90.610000	A3	57	52	332	55.125000	A3	57	90	
337	91.660000	F3	53	54	335	55.875000	F3	53	90	
338	91.673000	D4	62	55	334	55.875000	D4	62	90	
339	92.036000	F4	65	57	336	56.125000	F4	65	90	
340	92.320000	A4	69	60	337	56.375000	A4	69	90	
341	92.612000	B3	59	61	341	56.625000	B3	59	90	
342	92.616000	B4	71	66	340	56.625000	B4	71	90	
343	92.618000	D3	50	56	342	56.625000	D3	50	90	
344	92.627000	A4	69	58	339	56.625000	A4	69	90	
345	92.646000	F4	65	49	338	56.625000	F4	65	90	
346	92.942000	D5	74	69	343	56.875000	D5	74	90	
347	92.979000	F4	65	24	*	-1	*	-1	-1	
348	93.312000	F5	77	72	344	57.125000	F5	77	90	
349	93.513000	E3	52	61	*	-1	*	-1	-1	
350	94.130000	B5	83	67	345	57.375000	B5	83	90	
351	94.138000	F5	77	59	346	57.375000	F5	77	90	
352	94.143000	A4	69	59	347	57.375000	A4	69	90	
353	94.143000	B3	59	51	350	57.375000	B3	59	90	
354	94.145000	B4	71	61	348	57.375000	B4	71	90	
355	94.150000	D4	62	55	349	57.375000	D4	62	90	
356	97.282000	E5	76	38	352	58.125000	E5	76	90	
357	97.283000	G#4	68	32	351	58.125000	G#4	68	90	
358	100.515000	E4	64	43	353	58.875000	E4	64	90	
359	101.621000	A2	45	30	357	59.625000	A2	45	90	
360	101.630000	E3	52	30	358	59.625000	E3	52	90	
361	101.691000	C#5	73	49	354	59.625000	C#5	73	90	
362	101.697000	A4	69	44	355	59.625000	A4	69	90	
363	101.720000	C#4	61	40	356	59.625000	C#4	61	90	
364	102.127000	Eb3	51	41	359	59.875000	Eb3	51	90	
365	102.337000	E3	52	41	360	60.125000	E3	52	90	
366	102.560000	F3	53	48	361	60.375000	F3	53	90	
367	102.740000	E3	52	47	362	60.625000	E3	52	90	
368	102.933000	F3	53	51	363	60.875000	F3	53	90	
369	103.140000	C#5	73	59	366	61.125000	C#5	73	90	
370	103.169000	A4	69	41	365	61.125000	A4	69	90	
371	103.171000	F#3	54	45	367	61.125000	F#3	54	90	
372	103.179000	C#4	61	36	364	61.125000	C#4	61	90	
373	103.351000	F3	53	49	368	61.375000	F3	53	90	
374	103.551000	F#3	54	48	369	61.625000	F#3	54	90	
375	103.866000	E5	76	53	371	61.875000	E5	76	90	
376	103.880000	G3	55	38	372	61.875000	G3	55	90	
377	103.883000	C#4	61	45	370	61.875000	C#4	61	90	
378	104.168000	A2	45	40	373	62.125000	A2	45	90	
379	104.415000	G3	55	41	374	62.375000	G3	55	90	
380	104.645000	D5	74	56	376	62.625000	D5	74	90	
381	104.683000	D4	62	48	375	62.625000	D4	62	90	
382	104.686000	F#3	54	39	377	62.625000	F#3	54	90	
383	104.921000	A2	45	41	378	62.875000	A2	45	90	
384	105.048000	C#5	73	67	379	63.000000	C#5	73	90	
385	105.190000	F3	53	44	380	63.125000	F#3	54	90	
386	105.467000	A2	45	23	*	-1	*	-1	-1	
387	105.527000	F3	53	52	381	63.375000	F3	53	90	
388	105.797000	A2	45	49	382	63.625000	A2	45	90	
389	105.798000	B4	71	53	383	63.750000	B4	71	90	
390	106.257000	A4	69	54	386	64.125000	A4	69	90	
391	106.259000	E3	52	40	388	64.125000	E3	52	90	
392	106.286000	C#4	61	45	385	64.125000	C#4	61	90	
393	106.292000	E4	64	49	387	64.125000	E4	64	90	
394	106.517000	A2	45	40	389	64.375000	A2	45	90	
395	106.721000	E3	52	42	391	64.625000	E3	52	90	
396	106.972000	F3	53	44	394	64.875000	F3	53	90	
397	106.979000	D4	62	47	392	64.875000	D4	62	90	
398	106.984000	B3	59	44	393	64.875000	B3	59	90	
399	107.241000	E3	52	47	395	65.125000	E3	52	90	
400	107.324000	G#4	68	61	396	65.250000	G#4	68	90	
401	107.454000	F3	53	46	397	65.375000	F3	53	90	
402	107.726000	F#3	54	50	401	65.625000	F#3	54	90	
403	107.749000	B4	71	62	400	65.625000	B4	71	90	
404	107.771000	Eb4	63	46	399	65.625000	Eb4	63	90	
405	107.786000	A3	57	31	398	65.625000	A3	57	90	
406	107.994000	F3	53	54	402	65.875000	F3	53	90	
407	108.108000	F#4	66	63	403	66.000000	F#4	66	90	
408	108.229000	F#3	54	49	404	66.125000	F#3	54	90	
409	108.516000	F#4	66	58	406	66.375000	F#4	66	90	
410	108.519000	G3	55	46	409	66.375000	G3	55	90	
411	108.541000	D4	62	45	405	66.375000	D4	62	90	
412	108.542000	A2	45	35	408	66.375000	A2	45	90	
413	108.558000	B3	59	28	407	66.375000	B3	59	90	
414	108.773000	F#3	54	46	410	66.625000	F#3	54	90	
415	108.977000	G3	55	47	411	66.875000	G3	55	90	
416	109.239000	G#3	56	44	412	67.125000	G#3	56	90	
417	109.447000	G3	55	45	413	67.375000	G3	55	90	
418	109.684000	G#3	56	41	414	67.625000	G#3	56	90	
419	109.948000	E4	64	46	415	67.875000	E4	64	90	
420	110.172000	B3	59	41	416	68.125000	B3	59	90	
421	110.458000	E3	52	36	417	68.375000	E3	52	90	
422	110.890000	A3	57	24	421	68.625000	A3	57	90	
423	110.915000	A4	69	38	420	68.625000	A4	69	90	
424	110.929000	C#5	73	47	418	68.625000	C#5	73	90	
425	110.943000	E4	64	37	419	68.625000	E4	64	90	
426	111.217000	B3	59	40	422	68.875000	B3	59	90	
427	111.444000	A3	57	43	423	69.125000	A3	57	90	
428	111.653000	G#3	56	49	424	69.375000	G#3	56	90	
429	111.859000	A3	57	49	425	69.625000	A3	57	90	
430	112.041000	G#3	56	52	426	69.875000	G#3	56	90	
431	112.248000	C#5	73	59	429	70.125000	C#5	73	90	
432	112.260000	G3	55	47	430	70.125000	G3	55	90	
433	112.270000	E4	64	40	427	70.125000	E4	64	90	
434	112.271000	A4	69	46	428	70.125000	A4	69	90	
435	112.479000	A3	57	52	431	70.375000	A3	57	90	
436	112.672000	G3	55	51	432	70.625000	G3	55	90	
437	112.965000	E5	76	61	433	70.875000	E5	76	90	
438	112.989000	E4	64	43	434	70.875000	E4	64	90	
439	112.990000	A4	69	43	435	70.875000	A4	69	90	
440	112.991000	F#3	54	40	436	70.875000	F#3	54	90	
441	113.236000	A3	57	48	437	71.125000	A3	57	90	
442	113.431000	F#3	54	43	438	71.375000	F#3	54	90	
443	113.739000	F3	53	42	440	71.625000	F3	53	90	
444	113.760000	D4	62	42	439	71.625000	D4	62	90	
445	114.028000	A3	57	37	442	71.875000	A3	57	90	
446	114.144000	D5	74	52	443	72.000000	D5	74	90	
447	114.292000	F3	53	40	444	72.125000	F3	53	90	
448	114.495000	C#5	73	58	445	72.375000	C#5	73	90	
449	114.516000	E4	64	48	446	72.375000	E4	64	90	
450	114.535000	E3	52	40	447	72.375000	E3	52	90	
451	114.732000	A3	57	48	449	72.625000	A3	57	90	
452	114.874000	B4	71	62	451	72.750000	B4	71	90	
453	114.892000	F4	65	53	450	72.750000	F4	65	90	
454	115.038000	D3	50	48	452	72.750000	D3	50	90	
455	115.476000	C#5	73	64	454	73.125000	C#5	73	90	
456	115.480000	C#3	49	49	456	73.125000	C#3	49	90	
457	115.491000	F4	65	56	455	73.125000	F4	65	90	
458	115.848000	G#3	56	53	457	73.375000	G#3	56	90	
459	116.054000	C#3	49	56	458	73.625000	C#3	49	90	
460	116.292000	F#4	66	58	459	73.875000	F#4	66	90	
461	116.301000	A3	57	53	460	73.875000	A3	57	90	
462	116.527000	C#3	49	59	461	74.125000	C#3	49	90	
463	116.642000	C#5	73	73	462	74.250000	C#5	73	90	
464	116.787000	A3	57	58	463	74.375000	A3	57	90	
465	117.013000	C#3	49	59	466	74.625000	C#3	49	90	
466	117.020000	F#5	78	68	464	74.625000	F#5	78	90	
467	117.036000	A4	69	62	465	74.625000	A4	69	90	
468	117.267000	C4	60	62	467	74.875000	C4	60	90	
469	117.392000	D5	74	68	469	75.000000	D5	74	90	
470	117.402000	F#4	66	58	468	75.000000	F#4	66	90	
471	117.529000	C#3	49	60	470	75.125000	C#3	49	90	
472	117.853000	C5	72	69	472	75.375000	C5	72	90	
473	117.856000	D4	62	58	473	75.375000	D4	62	90	
474	117.862000	F#4	66	54	471	75.375000	F#4	66	90	
475	118.151000	C#3	49	53	474	75.625000	C#3	49	90	
476	118.381000	D4	62	55	475	75.875000	D4	62	90	
477	118.638000	C#5	73	57	476	76.125000	C#5	73	90	
478	118.647000	C#3	49	46	478	76.125000	C#3	49	90	
479	118.659000	F4	65	49	477	76.125000	F4	65	90	
480	118.885000	C#4	61	49	479	76.375000	C#4	61	90	
481	119.084000	C#3	49	53	480	76.625000	C#3	49	90	
482	119.413000	B3	59	39	483	76.875000	B3	59	90	
483	119.419000	C#5	73	55	481	76.875000	C#5	73	90	
484	119.440000	F4	65	44	482	76.875000	F4	65	90	
485	119.693000	C#4	61	46	484	77.125000	C#4	61	90	
486	119.891000	B3	59	49	485	77.375000	B3	59	90	
487	120.148000	C#5	73	58	487	77.625000	C#5	73	90	
488	120.161000	E4	64	49	486	77.625000	E4	64	90	
489	120.162000	Bb3	58	35	489	77.625000	Bb3	58	90	
490	120.168000	F#4	66	45	488	77.625000	F#4	66	90	
491	120.381000	C#4	61	51	490	77.875000	C#4	61	90	
492	120.583000	Bb3	58	50	491	78.125000	Bb3	58	90	
493	120.806000	F#3	54	51	492	78.375000	F#3	54	90	
494	121.028000	Bb3	58	43	493	78.625000	Bb3	58	90	
495	121.212000	F#2	42	54	494	78.875000	F#2	42	90	
496	121.492000	B4	71	56	495	79.125000	B4	71	90	
497	121.513000	G#3	56	46	496	79.125000	G#3	56	90	
498	121.796000	Bb3	58	43	497	79.375000	F#3	54	90	
499	121.896000	C#5	73	62	498	79.500000	C#5	73	90	
500	122.018000	F#3	54	46	499	79.625000	Bb3	58	90	
501	122.338000	D5	74	60	500	79.875000	D5	74	90	
502	122.578000	B3	59	42	502	80.125000	B3	59	90	
503	122.811000	D4	62	46	504	80.375000	D4	62	90	
504	122.991000	C#5	73	61	505	80.625000	C#5	73	90	
505	123.197000	A3	57	49	506	80.875000	A3	57	90	
506	123.390000	D4	62	58	508	81.125000	D4	62	90	
507	123.607000	E5	76	67	511	81.375000	E5	76	90	
508	123.625000	D5	74	56	510	81.375000	D5	74	90	
509	123.630000	B4	71	55	509	81.375000	B4	71	90	
510	123.808000	G3	55	58	512	81.625000	G3	55	90	
511	123.999000	D4	62	61	514	81.875000	D4	62	90	
512	124.184000	F#5	78	68	516	82.125000	F#5	78	90	
513	124.200000	D5	74	61	*	-1	*	-1	-1	
514	124.205000	A4	69	60	515	82.125000	A4	69	90	
515	124.339000	F#3	54	64	517	82.375000	F#3	54	90	
516	124.594000	D4	62	63	519	82.625000	D4	62	90	
517	124.922000	A5	81	66	520	82.875000	A5	81	90	
518	124.938000	B4	71	55	522	82.875000	B4	71	90	
519	124.942000	G4	67	51	521	82.875000	G4	67	90	
520	125.225000	E3	52	47	523	83.125000	E3	52	90	
521	125.406000	G5	79	64	525	83.250000	G5	79	90	
522	125.539000	D4	62	48	526	83.375000	D4	62	90	
523	125.750000	F#5	78	62	527	83.625000	F#5	78	90	
524	125.762000	A4	69	51	528	83.625000	A4	69	90	
525	125.768000	G4	67	53	529	83.625000	G4	67	90	
526	125.979000	A3	57	52	530	83.875000	A3	57	90	
527	126.118000	E5	76	64	532	84.000000	E5	76	90	
528	126.239000	C#4	61	54	533	84.125000	C#4	61	90	
529	126.487000	F#5	78	62	534	84.375000	F#5	78	90	
530	126.685000	D4	62	55	536	84.625000	D4	62	90	
531	126.903000	F#4	66	50	538	84.875000	F#4	66	90	
532	127.077000	E5	76	61	539	85.125000	E5	76	90	
533	127.275000	C#4	61	61	540	85.375000	C#4	61	90	
534	127.458000	F#4	66	60	542	85.625000	F#4	66	90	
535	127.650000	F#5	78	62	545	85.875000	F#5	78	90	
536	127.650000	G#5	80	66	543	85.875000	G#5	80	90	
537	127.657000	D5	74	59	544	85.875000	D5	74	90	
538	127.839000	B3	59	66	546	86.125000	B3	59	90	
539	128.030000	F#4	66	67	548	86.375000	F#4	66	90	
540	128.220000	A5	81	75	549	86.625000	A5	81	90	
541	128.235000	C#5	73	65	550	86.625000	C#5	73	90	
542	128.248000	F#5	78	49	*	-1	*	-1	-1	
543	128.424000	A3	57	68	551	86.875000	A3	57	90	
544	128.632000	F#4	66	66	553	87.125000	F#4	66	90	
545	128.920000	C#6	85	72	555	87.375000	C#6	85	90	
546	128.933000	D5	74	60	554	87.375000	D5	74	90	
547	129.198000	G#3	56	59	556	87.625000	G#3	56	90	
548	129.379000	B5	83	74	558	87.750000	B5	83	90	
549	129.528000	F#4	66	53	559	87.875000	F#4	66	90	
550	129.710000	A5	81	70	561	88.125000	A5	81	90	
551	129.727000	C#5	73	53	560	88.125000	C#5	73	90	
552	129.736000	B4	71	56	562	88.125000	B4	71	90	
553	129.926000	C#4	61	59	563	88.375000	C#4	61	90	
554	130.020000	G#5	80	71	565	88.500000	G#5	80	90	
555	130.162000	F4	65	62	566	88.625000	F4	65	90	
556	130.335000	A4	69	56	*	-1	*	-1	-1	
557	130.421000	A5	81	73	567	88.875000	A5	81	90	
558	130.602000	F#3	54	49	569	89.125000	F#3	54	90	
559	130.859000	A4	69	56	571	89.375000	A4	69	90	
560	131.039000	G#5	80	66	572	89.625000	G#5	80	90	
561	131.219000	C#4	61	64	573	89.875000	C#4	61	90	
562	131.421000	A4	69	62	575	90.125000	A4	69	90	
563	131.597000	F#5	78	69	576	90.375000	F#5	78	90	
564	131.823000	C4	60	66	577	90.625000	C4	60	90	
565	132.015000	A4	69	61	579	90.875000	A4	69	90	
566	132.312000	E5	76	66	580	91.125000	E5	76	90	
567	132.553000	C4	60	57	581	91.375000	C4	60	90	
568	132.782000	A4	69	50	583	91.625000	A4	69	90	
569	132.930000	Eb5	75	65	584	91.875000	Eb5	75	90	
570	133.159000	B3	59	57	585	92.125000	B3	59	90	
571	133.362000	Eb4	63	61	587	92.375000	A4	69	90	
572	133.550000	G#5	80	70	589	92.625000	G#5	80	90	
573	133.570000	B4	71	58	588	92.625000	B4	71	90	
574	133.762000	A3	57	58	590	92.875000	A3	57	90	
575	133.994000	Eb4	63	59	592	93.125000	Eb4	63	90	
576	134.102000	F#5	78	71	593	93.187500	F#5	78	90	
577	134.143000	G#5	80	16	*	-1	*	-1	-1	
578	134.322000	G#3	56	55	596	93.375000	G#3	56	90	
579	134.324000	F#5	78	66	594	93.375000	F#5	78	90	
580	134.325000	B5	83	68	595	93.375000	B5	83	90	
581	134.626000	Eb4	63	66	597	93.625000	Eb4	63	90	
582	134.841000	B4	71	66	599	93.875000	B4	71	90	
583	135.015000	F5	77	68	600	94.125000	F5	77	90	
584	135.201000	D4	62	58	601	94.375000	D4	62	90	
585	135.401000	B4	71	60	603	94.625000	B4	71	90	
586	135.595000	E5	76	68	604	94.875000	E5	76	90	
587	135.780000	D4	62	59	605	95.125000	D4	62	90	
588	135.992000	B4	71	59	607	95.375000	B4	71	90	
589	136.195000	Eb5	75	63	608	95.625000	Eb5	75	90	
590	136.427000	Eb4	63	60	609	95.875000	Eb4	63	90	
591	136.652000	B4	71	58	611	96.118750	B4	71	90	
592	137.079000	E4	64	55	612	96.625000	E4	64	90	
593	137.286000	B4	71	53	614	96.868750	B4	71	90	
594	137.506000	D5	74	56	615	97.125000	D5	74	90	
595	137.727000	F4	65	54	616	97.375000	F4	65	90	
596	137.975000	B4	71	43	618	97.618750	B4	71	90	
597	138.405000	B3	59	46	619	98.125000	B3	59	90	
598	138.628000	G#4	68	50	621	98.368750	G#4	68	90	
599	138.644000	F4	65	43	622	98.368750	F4	65	90	
600	139.068000	A3	57	46	623	98.875000	A3	57	90	
601	139.138000	D5	74	55	625	99.000000	D5	74	90	
602	139.328000	A4	69	50	627	99.118750	A4	69	90	
603	139.342000	F4	65	40	626	99.118750	F4	65	90	
604	139.539000	C#5	73	62	628	99.375000	C#5	73	90	
605	139.732000	G#3	56	52	629	99.625000	G#3	56	90	
606	139.942000	B4	71	60	631	99.750000	B4	71	90	
607	140.072000	F4	65	37	632	99.868750	F4	65	90	
608	140.352000	A4	69	56	634	100.125000	A4	69	90	
609	140.575000	F#3	54	36	635	100.375000	F#3	54	90	
610	140.831000	Eb4	63	48	637	100.618750	Eb4	63	90	
611	140.831000	C4	60	52	638	100.618750	C4	60	90	
612	141.397000	B3	59	51	639	101.125000	B3	59	90	
613	141.461000	G#4	68	58	641	101.250000	G#4	68	90	
614	141.701000	Eb4	63	46	642	101.368750	Eb4	63	90	
615	141.898000	B4	71	52	643	101.625000	B4	71	90	
616	142.114000	B2	47	46	644	101.875000	B2	47	90	
617	142.259000	F#4	66	60	646	102.000000	F#4	66	90	
618	142.467000	A3	57	40	647	102.118750	A3	57	90	
619	142.480000	Eb4	63	44	648	102.118750	Eb4	63	90	
620	142.880000	F#4	66	54	650	102.375000	F#4	66	90	
621	142.886000	D4	62	47	651	102.375000	D4	62	90	
622	142.892000	G#3	56	48	649	102.375000	G#3	56	90	
623	143.172000	Eb3	51	45	652	102.625000	Eb3	51	90	
624	143.435000	E3	52	50	653	102.875000	E3	52	90	
625	144.103000	Eb2	39	48	654	103.375000	Eb2	39	90	
626	144.466000	E2	40	47	655	103.625000	E2	40	90	
627	145.016000	E4	64	46	656	103.875000	E4	64	90	
628	145.042000	D4	62	38	658	103.875000	D4	62	90	
629	145.052000	B3	59	37	657	103.875000	B3	59	90	
630	145.437000	G3	55	43	659	104.125000	G3	55	90	
631	145.963000	G#3	56	42	660	104.375000	G#3	56	90	
632	146.829000	A3	57	25	664	104.625000	A3	57	90	
633	147.005000	C#5	73	48	661	104.625000	C#5	73	90	
634	147.012000	E4	64	41	663	104.625000	E4	64	90	
635	147.020000	A4	69	33	662	104.625000	A4	69	90	
636	147.415000	B3	59	34	665	104.875000	B3	59	90	
637	147.629000	A3	57	42	666	105.125000	A3	57	90	
638	147.858000	G#3	56	48	667	105.375000	G#3	56	90	
639	148.057000	A3	57	44	668	105.625000	A3	57	90	
640	148.252000	G#3	56	51	669	105.875000	G#3	56	90	
641	148.486000	C#5	73	59	670	106.125000	C#5	73	90	
642	148.502000	G3	55	49	673	106.125000	G3	55	90	
643	148.510000	A4	69	47	671	106.125000	A4	69	90	
644	148.544000	E4	64	29	672	106.125000	E4	64	90	
645	148.729000	A3	57	47	674	106.375000	A3	57	90	
646	148.953000	G3	55	51	675	106.625000	G3	55	90	
647	149.323000	F#3	54	36	679	106.875000	F#3	54	90	
648	149.328000	E5	76	62	676	106.875000	E5	76	90	
649	149.342000	E4	64	35	678	106.875000	E4	64	90	
650	149.353000	A4	69	41	677	106.875000	A4	69	90	
651	149.650000	A3	57	36	680	107.125000	A3	57	90	
652	149.656000	A4	69	7	*	-1	*	-1	-1	
653	149.872000	F#3	54	45	681	107.375000	F#3	54	90	
654	150.167000	F3	53	40	683	107.625000	F3	53	90	
655	150.178000	D4	62	43	682	107.625000	D4	62	90	
656	150.446000	A3	57	35	684	107.875000	A3	57	90	
657	150.588000	D5	74	53	685	108.000000	D5	74	90	
658	150.724000	F3	53	37	686	108.125000	F3	53	90	
659	151.013000	C#5	73	56	688	108.375000	C#5	73	90	
660	151.051000	E4	64	41	687	108.375000	E4	64	90	
661	151.054000	E3	52	37	689	108.375000	E3	52	90	
662	151.296000	A3	57	40	690	108.625000	A3	57	90	
663	151.429000	B4	71	60	692	108.750000	B4	71	90	
664	151.462000	F4	65	45	691	108.750000	F4	65	90	
665	151.627000	D3	50	35	693	108.875000	D3	50	90	
666	152.404000	C#3	49	39	698	109.125000	C#3	49	90	
667	152.408000	A3	57	28	697	109.125000	A3	57	90	
668	152.427000	E5	76	54	695	109.125000	E5	76	90	
669	152.434000	E4	64	42	696	109.125000	E4	64	90	
670	152.451000	A4	69	36	694	109.125000	A4	69	90	
671	154.124000	E5	76	56	699	110.250000	E5	76	90	
672	154.658000	A5	81	62	700	110.625000	A5	81	90	
673	154.682000	E5	76	39	701	110.625000	E5	76	90	
674	154.683000	C#5	73	40	702	110.625000	C#5	73	90	
675	155.127000	F#5	78	66	705	111.000000	F#5	78	90	
676	155.133000	A4	69	49	703	111.000000	A4	69	90	
677	155.139000	C#5	73	44	704	111.000000	C#5	73	90	
678	155.790000	Eb5	75	59	708	111.375000	Eb5	75	90	
679	155.812000	A4	69	40	706	111.375000	A4	69	90	
680	155.813000	F#4	66	43	707	111.375000	F#4	66	90	
681	156.992000	E5	76	57	709	112.125000	E5	76	90	
682	156.995000	B4	71	39	710	112.125000	B4	71	90	
683	157.017000	G#4	68	34	711	112.125000	G#4	68	90	
684	157.492000	F#5	78	63	712	112.500000	F#5	78	90	
685	157.512000	C#5	73	48	713	112.500000	C#5	73	90	
686	157.524000	A4	69	42	714	112.500000	A4	69	90	
687	157.942000	D5	74	68	716	112.875000	D5	74	90	
688	157.994000	F#4	66	36	715	112.875000	F#4	66	90	
689	158.015000	A4	69	30	717	112.875000	A4	69	90	
690	158.420000	C5	72	69	718	113.250000	C5	72	90	
691	158.442000	F#4	66	45	719	113.250000	F#4	66	90	
692	158.453000	Eb4	63	41	720	113.250000	Eb4	63	90	
693	159.084000	C5	72	66	722	113.625000	C5	72	90	
694	159.097000	F#4	66	44	721	113.625000	F#4	66	90	
695	159.109000	Eb4	63	34	723	113.625000	Eb4	63	90	
696	159.816000	C#5	73	66	724	114.000000	C#5	73	90	
697	159.826000	G#4	68	44	726	114.000000	G#4	68	90	
698	159.832000	E4	64	48	725	114.000000	E4	64	90	
699	161.229000	D5	74	57	728	114.750000	D5	74	90	
700	161.229000	A4	69	42	729	114.750000	A4	69	90	
701	161.230000	F4	65	46	727	114.750000	F4	65	90	
702	163.016000	B4	71	49	731	115.500000	B4	71	90	
703	163.030000	F4	65	37	730	115.500000	F4	65	90	
704	163.043000	D4	62	39	732	115.500000	D4	62	90	
705	165.044000	G#4	68	38	734	116.250000	G#4	68	90	
706	165.073000	D4	62	35	735	116.250000	D4	62	90	
707	165.080000	B3	59	33	733	116.250000	B3	59	90	
708	168.471000	F4	65	38	737	117.000000	F4	65	90	
709	168.476000	A4	69	44	736	117.000000	A4	69	90	
710	169.150000	F3	53	43	741	117.375000	F3	53	90	
711	169.155000	C4	60	49	740	117.375000	C4	60	90	
712	169.163000	C5	72	52	738	117.375000	C5	72	90	
713	169.199000	A4	69	37	739	117.375000	A4	69	90	
714	169.715000	A4	69	43	743	117.750000	A4	69	90	
715	169.760000	F4	65	34	742	117.750000	F4	65	90	
716	170.343000	C3	48	39	746	118.125000	C3	48	90	
717	170.346000	G4	67	44	745	118.125000	G4	67	90	
718	170.366000	E4	64	39	744	118.125000	E4	64	90	
719	171.344000	B3	59	47	747	118.875000	B3	59	90	
720	171.811000	F4	65	52	749	119.250000	F4	65	90	
721	171.817000	D4	62	45	748	119.250000	D4	62	90	
722	172.327000	A4	69	56	751	119.625000	A4	69	90	
723	172.329000	A3	57	44	753	119.625000	A3	57	90	
724	172.334000	F4	65	54	750	119.625000	F4	65	90	
725	172.345000	D3	50	38	752	119.625000	D3	50	90	
726	172.866000	F4	65	65	754	120.000000	F4	65	90	
727	172.897000	D4	62	53	755	120.000000	D4	62	90	
728	173.818000	G#3	56	41	759	120.375000	G#3	56	90	
729	173.831000	E4	64	58	756	120.375000	E4	64	90	
730	173.837000	E3	52	34	758	120.375000	E3	52	90	
731	173.841000	D4	62	44	757	120.375000	D4	62	90	
732	174.778000	G4	67	42	*	-1	*	-1	-1	
733	174.884000	F4	65	44	760	120.937500	F4	65	90	
734	175.310000	E4	64	40	761	121.125000	E4	64	90	
735	176.081000	C5	72	49	763	121.500000	C5	72	90	
736	176.091000	A4	69	37	762	121.500000	A4	69	90	
737	176.263000	A4	69	8	*	-1	*	-1	-1	
738	176.701000	A2	45	35	767	121.875000	A2	45	90	
739	176.711000	E5	76	51	765	121.875000	E5	76	90	
740	176.717000	E4	64	44	764	121.875000	E4	64	90	
741	176.721000	C5	72	41	766	121.875000	C5	72	90	
742	177.231000	C5	72	56	768	122.250000	C5	72	90	
743	177.268000	A4	69	45	769	122.250000	A4	69	90	
744	177.857000	B4	71	45	770	122.625000	B4	71	90	
745	177.868000	G#4	68	48	772	122.625000	G#4	68	90	
746	177.869000	E3	52	40	773	122.625000	E3	52	90	
747	177.897000	D4	62	43	771	122.625000	D4	62	90	
748	178.984000	C4	60	40	774	123.375000	C4	60	90	
749	179.447000	A4	69	49	775	123.750000	A4	69	90	
750	179.898000	C5	72	54	777	124.125000	C5	72	90	
751	179.907000	G4	67	53	776	124.125000	G4	67	90	
752	180.339000	A4	69	60	779	124.500000	A4	69	90	
753	180.364000	F4	65	50	778	124.500000	F4	65	90	
754	180.897000	E4	64	52	782	124.875000	E4	64	90	
755	180.910000	D4	62	49	781	124.875000	D4	62	90	
756	180.926000	G#3	56	36	780	124.875000	G#3	56	90	
757	181.716000	G4	67	47	*	-1	*	-1	-1	
758	181.784000	F4	65	42	783	125.437500	F4	65	90	
759	182.142000	E4	64	43	785	125.625000	E4	64	90	
760	182.147000	C4	60	32	786	125.625000	C4	60	90	
761	182.148000	A3	57	33	784	125.625000	A3	57	90	
762	182.758000	C5	72	53	787	126.000000	C5	72	90	
763	182.785000	A4	69	44	788	126.000000	A4	69	90	
764	183.339000	E3	52	51	793	126.375000	E3	52	90	
765	183.340000	C5	72	47	791	126.375000	C5	72	90	
766	183.342000	E5	76	49	789	126.375000	E5	76	90	
767	183.346000	A2	45	43	792	126.375000	A2	45	90	
768	183.352000	E4	64	43	790	126.375000	E4	64	90	
769	183.856000	C5	72	55	795	126.750000	C5	72	90	
770	183.871000	A4	69	50	794	126.750000	A4	69	90	
771	184.054000	F#3	54	58	796	126.937500	F#3	54	90	
772	184.311000	E3	52	55	799	127.125000	E3	52	90	
773	184.315000	G3	55	59	800	127.125000	G3	55	90	
774	184.321000	B4	71	58	798	127.125000	B4	71	90	
775	184.340000	G4	67	49	797	127.125000	G4	67	90	
776	184.879000	B3	59	59	801	127.500000	B3	59	90	
777	185.330000	C4	60	60	802	127.875000	C4	60	90	
778	185.780000	A4	69	58	803	128.250000	A4	69	90	
779	185.789000	F#4	66	51	804	128.250000	F#4	66	90	
780	186.209000	B4	71	59	806	128.625000	B4	71	90	
781	186.232000	G4	67	54	805	128.625000	G4	67	90	
782	186.624000	C5	72	56	807	129.000000	C5	72	90	
783	186.638000	A4	69	49	808	129.000000	A4	69	90	
784	186.645000	Eb4	63	58	809	129.000000	Eb4	63	90	
785	187.182000	B4	71	52	810	129.375000	B4	71	90	
786	187.182000	E4	64	55	812	129.375000	E4	64	90	
787	187.195000	G4	67	45	811	129.375000	G4	67	90	
788	188.073000	E3	52	51	813	130.125000	E3	52	90	
789	188.492000	C5	72	58	815	130.500000	C5	72	90	
790	188.497000	A4	69	54	814	130.500000	A4	69	90	
791	188.932000	E5	76	64	817	130.875000	E5	76	90	
792	188.941000	C5	72	57	816	130.875000	C5	72	90	
793	189.376000	C4	60	64	820	131.250000	C4	60	90	
794	189.405000	C5	72	52	819	131.250000	C5	72	90	
795	189.423000	A4	69	45	818	131.250000	A4	69	90	
796	189.938000	E4	64	52	823	131.625000	E4	64	90	
797	189.947000	B4	71	53	821	131.625000	B4	71	90	
798	189.969000	G4	67	43	822	131.625000	G4	67	90	
799	190.380000	C4	60	48	824	132.000000	C4	60	90	
800	190.816000	B3	59	47	825	132.375000	B3	59	90	
801	191.288000	A4	69	46	827	132.750000	A4	69	90	
802	191.298000	F#4	66	39	826	132.750000	F#4	66	90	
803	191.733000	B4	71	53	828	133.125000	B4	71	90	
804	191.766000	G4	67	41	829	133.125000	G4	67	90	
805	192.160000	C5	72	51	830	133.500000	C5	72	90	
806	192.166000	A3	57	38	832	133.500000	A3	57	90	
807	192.185000	A4	69	38	831	133.500000	A4	69	90	
808	192.700000	B3	59	36	835	133.875000	B3	59	90	
809	192.707000	B4	71	50	834	133.875000	B4	71	90	
810	192.740000	G4	67	22	833	133.875000	G4	67	90	
811	193.693000	E3	52	40	836	134.625000	E3	52	90	
812	194.847000	B4	71	39	837	135.375000	B4	71	90	
813	194.847000	G4	67	36	838	135.375000	G4	67	90	
814	196.063000	F2	41	34	842	136.125000	F2	41	90	
815	196.091000	G4	67	36	841	136.125000	G4	67	90	
816	196.091000	B4	71	41	840	136.125000	B4	71	90	
817	196.108000	C4	60	35	839	136.125000	C4	60	90	
818	197.031000	A4	69	44	844	136.875000	A4	69	90	
819	197.056000	F4	65	39	843	136.875000	F4	65	90	
820	197.436000	G4	67	50	845	137.250000	G4	67	90	
821	197.468000	E4	64	35	846	137.250000	E4	64	90	
822	197.863000	F3	53	39	851	137.625000	F3	53	90	
823	197.864000	F5	77	58	847	137.625000	F5	77	90	
824	197.878000	A4	69	48	848	137.625000	A4	69	90	
825	197.882000	D4	62	34	850	137.625000	D4	62	90	
826	197.882000	F4	65	39	849	137.625000	F4	65	90	
827	198.272000	E4	64	52	852	138.000000	E4	64	90	
828	198.278000	C4	60	49	853	138.000000	C4	60	90	
829	198.844000	F5	77	59	855	138.375000	F5	77	90	
830	198.873000	E4	64	39	858	138.375000	E4	64	90	
831	198.873000	C4	60	40	857	138.375000	C4	60	90	
832	198.880000	A4	69	44	854	138.375000	A4	69	90	
833	198.884000	G3	55	34	856	138.375000	G3	55	90	
834	199.737000	B3	59	39	860	139.125000	B3	59	90	
835	199.741000	D4	62	48	861	139.125000	D4	62	90	
836	199.756000	G4	67	40	859	139.125000	G4	67	90	
837	200.150000	A5	81	66	862	139.500000	A5	81	90	
838	200.581000	G5	79	62	863	139.875000	G5	79	90	
839	200.586000	E4	64	52	865	139.875000	E4	64	90	
840	200.589000	C4	60	49	866	139.875000	C4	60	90	
841	200.598000	A4	69	50	864	139.875000	A4	69	90	
842	200.958000	F5	77	68	867	140.250000	F5	77	90	
843	200.973000	F4	65	57	869	140.250000	F4	65	90	
844	200.974000	D4	62	52	870	140.250000	D4	62	90	
845	201.016000	C5	72	32	868	140.250000	B4	71	90	
846	201.372000	E5	76	67	871	140.625000	E5	76	90	
847	201.377000	E4	64	54	873	140.625000	E4	64	90	
848	201.377000	G4	67	59	874	140.625000	G4	67	90	
849	201.386000	C5	72	51	872	140.625000	C5	72	90	
850	201.766000	G5	79	61	876	141.000000	G5	79	90	
851	202.162000	C6	84	64	877	141.375000	C6	84	90	
852	202.537000	E4	64	62	879	141.750000	E4	64	90	
853	202.538000	A5	81	70	878	141.750000	A5	81	90	
854	202.972000	E5	76	64	880	142.125000	E5	76	90	
855	202.984000	A4	69	51	882	142.125000	A4	69	90	
856	202.988000	C5	72	53	881	142.125000	C5	72	90	
857	203.535000	D4	62	55	883	142.500000	D4	62	90	
858	203.718000	F#5	78	58	884	142.687500	F#5	78	90	
859	204.093000	F#5	78	58	886	142.875000	F#5	78	90	
860	204.098000	C5	72	53	885	142.875000	C5	72	90	
861	204.121000	D4	62	40	887	142.875000	D4	62	90	
862	204.124000	G3	55	35	888	142.875000	G3	55	90	
863	205.394000	G5	79	41	889	143.625000	G5	79	90	
864	205.399000	B4	71	38	890	143.625000	B4	71	90	
865	206.077000	D4	62	56	891	144.000000	D4	62	90	
866	206.086000	G4	67	63	893	144.000000	G4	67	90	
867	206.102000	B3	59	55	892	144.000000	B3	59	90	
868	206.551000	C5	72	68	895	144.375000	C5	72	90	
869	206.561000	E4	64	61	894	144.375000	E4	64	90	
870	206.564000	G4	67	58	896	144.375000	G4	67	90	
871	206.975000	A4	69	71	898	144.750000	A4	69	90	
872	206.977000	E4	64	61	899	144.750000	E4	64	90	
873	206.991000	C4	60	61	897	144.750000	C4	60	90	
874	207.196000	G1	31	54	*	-1	*	-1	-1	
875	207.573000	C4	60	58	901	145.125000	C4	60	90	
876	207.574000	F#4	66	65	900	145.125000	F#4	66	90	
877	207.581000	G2	43	54	903	145.125000	G2	43	90	
878	207.585000	A3	57	50	902	145.125000	A3	57	90	
879	208.449000	G4	67	67	904	145.875000	G4	67	90	
880	208.466000	B3	59	56	905	145.875000	B3	59	90	
881	208.860000	F3	53	56	909	146.250000	F3	53	90	
882	208.869000	G#4	68	67	906	146.250000	G#4	68	90	
883	208.875000	D4	62	57	908	146.250000	D4	62	90	
884	208.888000	B3	59	53	907	146.250000	B3	59	90	
885	209.267000	E3	52	59	913	146.625000	E3	52	90	
886	209.281000	A4	69	67	911	146.625000	A4	69	90	
887	209.298000	C4	60	50	912	146.625000	C4	60	90	
888	209.306000	E4	64	47	910	146.625000	E4	64	90	
889	209.677000	F4	65	67	915	147.000000	F4	65	90	
890	209.678000	A3	57	59	916	147.000000	A3	57	90	
891	209.709000	C4	60	55	914	147.000000	C4	60	90	
892	209.880000	G2	43	58	920	147.375000	G2	43	90	
893	210.209000	F#3	54	63	919	147.375000	F#3	54	90	
894	210.226000	Eb4	63	66	917	147.375000	Eb4	63	90	
895	210.236000	A3	57	55	918	147.375000	A3	57	90	
896	211.245000	E4	64	55	921	148.125000	E4	64	90	
897	211.256000	G3	55	54	923	148.125000	G3	55	90	
898	211.277000	B3	59	42	922	148.125000	B3	59	90	
899	212.021000	G4	67	60	924	148.500000	G4	67	90	
900	212.031000	Bb3	58	54	925	148.500000	Bb3	58	90	
901	212.925000	F4	65	59	926	149.250000	F4	65	90	
902	212.942000	A3	57	46	927	149.250000	A3	57	90	
903	213.391000	F4	65	52	928	149.625000	F4	65	90	
904	213.392000	Bb3	58	45	930	149.625000	Bb3	58	90	
905	213.401000	A3	57	44	929	149.625000	A3	57	90	
906	213.840000	E4	64	54	932	150.000000	E4	64	90	
907	214.327000	D4	62	51	933	150.375000	D4	62	90	
908	214.329000	G3	55	45	935	150.375000	G3	55	90	
909	214.333000	E3	52	40	936	150.375000	E3	52	90	
910	214.340000	Bb2	46	42	934	150.375000	Bb2	46	90	
911	215.223000	A2	45	43	938	151.125000	A2	45	90	
912	215.245000	C#4	61	56	937	151.125000	C#4	61	90	
913	215.678000	A4	69	58	939	151.500000	A4	69	90	
914	216.254000	G4	67	58	942	151.875000	G4	67	90	
915	216.255000	C#4	61	49	941	151.875000	C#4	61	90	
916	216.263000	A3	57	46	940	151.875000	A3	57	90	
917	216.265000	E3	52	41	943	151.875000	E3	52	90	
918	216.279000	D3	50	33	944	151.875000	D3	50	90	
919	217.385000	F3	53	37	948	152.625000	F3	53	90	
920	217.387000	F4	65	45	945	152.625000	F4	65	90	
921	217.401000	D4	62	44	946	152.625000	D4	62	90	
922	217.875000	F4	65	54	949	153.000000	F4	65	90	
923	217.898000	D4	62	44	950	153.000000	D4	62	90	
924	218.518000	B2	47	41	954	153.375000	B2	47	90	
925	218.525000	F4	65	45	953	153.375000	F4	65	90	
926	218.537000	A4	69	47	952	153.375000	A4	69	90	
927	218.547000	A3	57	41	951	153.375000	A3	57	90	
928	219.000000	F4	65	58	956	153.750000	F4	65	90	
929	219.020000	D4	62	49	955	153.750000	D4	62	90	
930	219.677000	D4	62	23	958	154.125000	D4	62	90	
931	219.686000	E4	64	51	957	154.125000	E4	64	90	
932	219.690000	E3	52	39	960	154.125000	E3	52	90	
933	219.707000	G#3	56	41	959	154.125000	G#3	56	90	
934	220.729000	G4	67	52	961	154.875000	G4	67	90	
935	220.735000	C4	60	46	963	154.875000	C4	60	90	
936	220.738000	A3	57	43	962	154.875000	A3	57	90	
937	221.223000	F4	65	59	964	155.250000	F4	65	90	
938	221.687000	E2	40	35	968	155.625000	E2	40	90	
939	221.694000	E4	64	54	967	155.625000	E4	64	90	
940	221.709000	B3	59	40	965	155.625000	B3	59	90	
941	221.709000	G3	55	44	966	155.625000	G3	55	90	
942	222.254000	Eb4	63	52	969	156.000000	Eb4	63	90	
943	222.265000	A3	57	39	970	156.000000	A3	57	90	
944	222.287000	F3	53	36	971	156.000000	F3	53	90	
945	223.061000	Eb4	63	46	973	156.375000	Eb4	63	90	
946	223.079000	F3	53	37	974	156.375000	F3	53	90	
947	223.084000	A3	57	36	972	156.375000	A3	57	90	
948	224.942000	G#3	56	32	976	157.125000	G#3	56	90	
949	224.957000	E4	64	35	975	157.125000	E4	64	90	
950	224.958000	E3	52	23	977	157.125000	E3	52	90	
951	226.375000	C5	72	36	979	157.500000	C5	72	90	
952	226.402000	A4	69	31	978	157.500000	A4	69	90	
953	226.966000	E5	76	46	980	157.875000	E5	76	90	
954	226.968000	C5	72	37	981	157.875000	C5	72	90	
955	227.468000	C5	72	55	982	158.250000	C5	72	90	
956	227.512000	A4	69	39	983	158.250000	A4	69	90	
957	228.255000	B4	71	51	985	158.625000	B4	71	90	
958	228.282000	D4	62	45	984	158.625000	D4	62	90	
959	228.286000	E3	52	34	986	158.625000	E3	52	90	
960	229.467000	C4	60	45	987	159.375000	C4	60	90	
961	229.472000	G#4	68	49	988	159.375000	G#4	68	90	
962	229.924000	A4	69	59	989	159.750000	A4	69	90	
963	229.928000	F4	65	55	990	159.750000	F4	65	90	
964	230.359000	G4	67	56	992	160.125000	G4	67	90	
965	230.370000	C5	72	56	991	160.125000	C5	72	90	
966	230.380000	E4	64	49	993	160.125000	E4	64	90	
967	230.810000	A4	69	59	995	160.500000	A4	69	90	
968	230.819000	F4	65	54	994	160.500000	F4	65	90	
969	230.851000	D4	62	36	996	160.500000	D4	62	90	
970	231.471000	E4	64	57	998	160.875000	E4	64	90	
971	231.473000	D4	62	49	999	160.875000	D4	62	90	
972	231.479000	E3	52	33	1000	160.875000	E3	52	90	
973	231.493000	G#3	56	35	997	160.875000	G#3	56	90	
974	232.236000	G4	67	42	*	-1	*	-1	-1	
975	232.306000	F4	65	50	1002	161.437500	F4	65	90	
976	232.716000	E4	64	46	1003	161.625000	E4	64	90	
977	232.728000	C4	60	39	1004	161.625000	C4	60	90	
978	232.736000	A3	57	35	1005	161.625000	A3	57	90	
979	232.737000	A2	45	31	1006	161.625000	A2	45	90	
980	233.462000	C5	72	48	1007	162.000000	C5	72	90	
981	233.479000	A4	69	47	1008	162.000000	A4	69	90	
982	234.015000	C5	72	46	1010	162.375000	C5	72	90	
983	234.025000	E4	64	47	1011	162.375000	E4	64	90	
984	234.026000	E5	76	49	1009	162.375000	E5	76	90	
985	234.032000	A3	57	53	1012	162.375000	A3	57	90	
986	234.539000	A4	69	50	1015	162.750000	A4	69	90	
987	234.545000	C5	72	54	1014	162.750000	C5	72	90	
988	234.756000	G3	55	57	1016	162.937500	G3	55	90	
989	235.255000	G3	55	50	1020	163.125000	G3	55	90	
990	235.260000	C4	60	47	1017	163.125000	C4	60	90	
991	235.272000	A4	69	54	1019	163.125000	A4	69	90	
992	235.273000	E4	64	48	1018	163.125000	E4	64	90	
993	236.347000	F#3	54	53	1021	163.875000	F#3	54	90	
994	236.825000	A4	69	61	1022	164.250000	A4	69	90	
995	237.457000	A4	69	45	1024	164.625000	A4	69	90	
996	237.460000	C5	72	58	1023	164.625000	C5	72	90	
997	237.465000	B1	35	41	1027	164.625000	B1	35	90	
998	237.470000	B2	47	46	1026	164.625000	B2	47	90	
999	237.471000	Eb4	63	53	1025	164.625000	Eb4	63	90	
1000	238.316000	A4	69	56	1029	165.187500	A4	69	90	
1001	238.324000	C4	60	56	1030	165.187500	C4	60	90	
1002	238.330000	Eb4	63	53	1028	165.187500	Eb4	63	90	
1003	238.617000	A4	69	59	1032	165.375000	A4	69	90	
1004	238.625000	Eb4	63	50	1031	165.375000	Eb4	63	90	
1005	238.631000	C4	60	47	1033	165.375000	C4	60	90	
1006	238.633000	E3	52	50	1034	165.375000	E3	52	90	
1007	238.634000	E2	40	42	1035	165.375000	E2	40	90	
1008	240.011000	G#4	68	52	1036	166.125000	G#4	68	90	
1009	240.025000	B3	59	45	1038	166.125000	B3	59	90	
1010	240.039000	E4	64	39	1037	166.125000	E4	64	90	
1011	240.642000	F5	77	64	1039	166.500000	F5	77	90	
1012	241.173000	B4	71	63	1042	166.875000	B4	71	90	
1013	241.183000	G#4	68	54	1041	166.875000	G#4	68	90	
1014	241.197000	D4	62	50	1043	166.875000	D4	62	90	
1015	241.201000	F4	65	48	1040	166.875000	F4	65	90	
1016	241.589000	C4	60	61	1044	167.250000	C4	60	90	
1017	241.784000	C5	72	65	1045	167.437500	C5	72	90	
1018	242.065000	E5	76	67	1046	167.625000	E5	76	90	
1019	242.066000	B3	59	48	1047	167.625000	B3	59	90	
1020	242.526000	D5	74	64	1048	168.000000	D5	74	90	
1021	242.927000	G#4	68	67	1050	168.375000	G#4	68	90	
1022	242.929000	Bb3	58	50	1052	168.375000	Bb3	58	90	
1023	242.954000	F4	65	55	1051	168.375000	F4	65	90	
1024	242.957000	D4	62	54	1049	168.375000	D4	62	90	
1025	243.299000	A3	57	62	1053	168.750000	A3	57	90	
1026	243.449000	A4	69	66	1054	168.937500	A4	69	90	
1027	243.695000	C5	72	64	1055	169.125000	C5	72	90	
1028	243.696000	G#3	56	55	1056	169.125000	G#3	56	90	
1029	244.120000	B4	71	63	1057	169.500000	B4	71	90	
1030	244.490000	G3	55	60	1061	169.875000	G3	55	90	
1031	244.494000	Bb4	70	63	1060	169.875000	Bb4	70	90	
1032	244.497000	D5	74	68	1059	169.875000	D5	74	90	
1033	244.515000	E4	64	55	1058	169.875000	E4	64	90	
1034	244.885000	C#5	73	75	1062	170.250000	C#5	73	90	
1035	245.231000	E5	76	73	1065	170.625000	E5	76	90	
1036	245.232000	F3	53	66	1066	170.625000	F3	53	90	
1037	245.241000	A4	69	68	1064	170.625000	A4	69	90	
1038	245.252000	F4	65	61	1063	170.625000	F4	65	90	
1039	245.606000	D5	74	75	1067	171.000000	D5	74	90	
1040	245.979000	E5	76	74	1068	171.375000	E5	76	90	
1041	245.984000	A3	57	70	1072	171.375000	A3	57	90	
1042	245.985000	C#3	49	66	1071	171.375000	C#3	49	90	
1043	245.994000	A4	69	69	1069	171.375000	A4	69	90	
1044	245.998000	G4	67	68	1070	171.375000	G4	67	90	
1045	246.401000	A5	81	79	1073	171.750000	A5	81	90	
1046	246.584000	D3	50	68	1077	172.125000	D3	50	90	
1047	247.030000	G5	79	75	1074	172.125000	G5	79	90	
1048	247.045000	C#5	73	68	1076	172.125000	C#5	73	90	
1049	247.051000	A4	69	66	1075	172.125000	A4	69	90	
1050	247.055000	E4	64	68	1078	172.125000	E4	64	90	
1051	248.351000	D4	62	58	1082	172.875000	D4	62	90	
1052	248.360000	F5	77	67	1081	172.875000	F5	77	90	
1053	248.373000	D5	74	62	1079	172.875000	D5	74	90	
1054	248.878000	F5	77	75	1084	173.250000	F5	77	90	
1055	248.888000	D5	74	70	1083	173.250000	D5	74	90	
1056	249.388000	F5	77	69	1087	173.625000	F5	77	90	
1057	249.388000	A5	81	76	1085	173.625000	A5	81	90	
1058	249.828000	F5	77	72	1089	174.000000	F5	77	90	
1059	249.840000	D5	74	69	1088	174.000000	D5	74	90	
1060	250.321000	E5	76	73	1092	174.375000	E5	76	90	
1061	250.328000	D3	50	53	1093	174.375000	D3	50	90	
1062	250.329000	G4	67	65	1090	174.375000	G4	67	90	
1063	250.347000	A4	69	33	1091	174.375000	A4	69	90	
1064	250.351000	D2	38	44	1094	174.375000	D2	38	90	
1065	250.374000	B4	71	40	*	-1	*	-1	-1	
1066	250.846000	D5	74	64	1095	174.750000	D5	74	90	
1067	250.850000	Bb4	70	64	1096	174.750000	Bb4	70	90	
1068	250.855000	F4	65	59	1097	174.750000	F4	65	90	
1069	251.268000	F5	77	66	1098	175.125000	F5	77	90	
1070	251.282000	D5	74	49	1100	175.125000	D5	74	90	
1071	251.294000	Bb4	70	48	1099	175.125000	Bb4	70	90	
1072	251.303000	C#5	73	42	*	-1	*	-1	-1	
1073	251.682000	D5	74	64	1103	175.500000	D5	74	90	
1074	251.692000	F4	65	64	1101	175.500000	F4	65	90	
1075	251.694000	Bb4	70	62	1102	175.500000	Bb4	70	90	
1076	252.095000	C5	72	68	1106	175.875000	C5	72	90	
1077	252.124000	Eb4	63	48	1105	175.875000	Eb4	63	90	
1078	252.124000	F4	65	39	1104	175.875000	F4	65	90	
1079	252.129000	E4	64	43	*	-1	*	-1	-1	
1080	252.504000	Bb4	70	61	1109	176.250000	Bb4	70	90	
1081	252.507000	F4	65	61	1108	176.250000	F4	65	90	
1082	252.507000	D4	62	64	1107	176.250000	D4	62	90	
1083	252.896000	D5	74	66	1111	176.625000	D5	74	90	
1084	252.907000	Bb4	70	59	1112	176.625000	Bb4	70	90	
1085	252.918000	F4	65	57	1110	176.625000	F4	65	90	
1086	253.272000	Bb4	70	67	1114	177.000000	Bb4	70	90	
1087	253.283000	D4	62	61	1115	177.000000	D4	62	90	
1088	253.283000	F4	65	61	1113	177.000000	F4	65	90	
1089	253.754000	A4	69	68	1117	177.375000	A4	69	90	
1090	253.761000	F4	65	65	1116	177.375000	F4	65	90	
1091	253.771000	C4	60	58	1118	177.375000	C4	60	90	
1092	253.779000	D4	62	54	1119	177.375000	D4	62	90	
1093	254.224000	B3	59	59	1121	177.750000	B3	59	90	
1094	254.227000	G#4	68	73	1120	177.750000	G#4	68	90	
1095	254.885000	F5	77	75	1123	178.125000	F5	77	90	
1096	254.887000	B3	59	45	1125	178.125000	B3	59	90	
1097	254.890000	D3	50	46	1126	178.125000	D3	50	90	
1098	254.895000	G#4	68	66	1122	178.125000	G#4	68	90	
1099	254.905000	F4	65	63	1124	178.125000	F4	65	90	
1100	255.703000	B3	59	51	*	-1	*	-1	-1	
1101	256.061000	E5	76	66	1127	178.687500	E5	76	90	
1102	256.756000	A3	57	37	1131	178.875000	A3	57	90	
1103	256.759000	C3	48	35	1132	178.875000	C3	48	90	
1104	256.849000	E5	76	61	1130	178.875000	E5	76	90	
1105	256.859000	A4	69	51	1129	178.875000	A4	69	90	
1106	256.863000	E4	64	44	1128	178.875000	E4	64	90	
1107	257.791000	A4	69	49	1133	179.250000	A4	69	90	
1108	258.253000	G#4	68	54	1134	179.625000	G#4	68	90	
1109	258.682000	E5	76	63	1136	180.000000	E5	76	90	
1110	258.703000	G4	67	52	1135	180.000000	G4	67	90	
1111	259.234000	A4	69	59	1137	180.375000	A4	69	90	
1112	259.240000	D3	50	38	1140	180.375000	D3	50	90	
1113	259.246000	A3	57	34	1139	180.375000	A3	57	90	
1114	259.248000	F#4	66	53	1138	180.375000	F#4	66	90	
1115	259.740000	B4	71	64	1142	180.750000	B4	71	90	
1116	259.763000	F4	65	50	1141	180.750000	F4	65	90	
1117	260.412000	E3	52	38	1145	181.125000	E3	52	90	
1118	260.414000	C5	72	61	1144	181.125000	C5	72	90	
1119	260.422000	E4	64	50	1143	181.125000	E4	64	90	
1120	261.074000	F4	65	47	1146	181.500000	F4	65	90	
1121	261.566000	C4	60	48	1147	181.875000	C4	60	90	
1122	262.061000	D4	62	38	1148	182.250000	D4	62	90	
1123	262.442000	F4	65	51	*	-1	*	-1	-1	
1124	262.851000	G#4	68	53	1151	182.625000	G#4	68	90	
1125	262.855000	E3	52	36	1152	182.625000	E3	52	90	
1126	262.861000	E4	64	44	1150	182.625000	E4	64	90	
1127	262.863000	D4	62	41	1149	182.625000	D4	62	90	
1128	264.142000	A4	69	50	*	-1	*	-1	-1	
1129	264.637000	A2	45	30	1154	183.375000	A2	45	90	
1130	264.649000	A4	69	48	1153	183.375000	A4	69	90	
1131	265.558000	F4	65	44	1155	183.750000	F4	65	90	
1132	265.570000	D4	62	37	1156	183.750000	D4	62	90	
1133	266.749000	F4	65	48	1158	184.500000	F4	65	90	
1134	266.776000	D4	62	41	1157	184.500000	D4	62	90	
1135	267.249000	A4	69	51	1159	184.875000	A4	69	90	
1136	267.262000	F4	65	42	1160	184.875000	F4	65	90	
1137	267.730000	F4	65	56	1161	185.250000	F4	65	90	
1138	267.753000	D4	62	54	1162	185.250000	D4	62	90	
1139	268.471000	F3	53	49	1165	185.625000	F3	53	90	
1140	268.475000	E4	64	53	1163	185.625000	E4	64	90	
1141	268.492000	C4	60	50	1164	185.625000	C4	60	90	
1142	269.342000	D4	62	48	1167	186.000000	D4	62	90	
1143	269.357000	B3	59	40	1168	186.000000	B3	59	90	
1144	270.970000	D4	62	41	1169	186.750000	D4	62	90	
1145	270.998000	B3	59	38	1170	186.750000	B3	59	90	
1146	271.693000	F4	65	46	1171	187.125000	F4	65	90	
1147	271.743000	D4	62	37	1172	187.125000	D4	62	90	
1148	272.582000	D4	62	38	1173	187.500000	D4	62	90	
1149	272.615000	B3	59	31	1174	187.500000	B3	59	90	
1150	274.860000	A2	45	28	1178	187.875000	A2	45	90	
1151	274.873000	E4	64	34	1175	187.875000	E4	64	90	
1152	274.878000	A4	69	39	1176	187.875000	A4	69	90	
1153	274.879000	E3	52	27	1179	187.875000	E3	52	90	
1154	274.888000	C4	60	34	1177	187.875000	C4	60	90	
*	-1	*	-1	-1	132	23.625000	G3	55	90	
*	-1	*	-1	-1	171	29.625000	E4	64	90	
*	-1	*	-1	-1	261	43.875000	E3	52	90	
*	-1	*	-1	-1	384	63.875000	F3	53	90	
*	-1	*	-1	-1	390	64.375000	A2	45	90	
*	-1	*	-1	-1	441	71.625000	F3	53	90	
*	-1	*	-1	-1	448	72.375000	E3	52	90	
*	-1	*	-1	-1	501	79.875000	D5	74	90	
*	-1	*	-1	-1	503	80.125000	B3	59	90	
*	-1	*	-1	-1	507	80.875000	A3	57	90	
*	-1	*	-1	-1	513	81.625000	G3	55	90	
*	-1	*	-1	-1	518	82.375000	F#3	54	90	
*	-1	*	-1	-1	524	83.125000	E3	52	90	
*	-1	*	-1	-1	531	83.875000	A3	57	90	
*	-1	*	-1	-1	535	84.375000	F#5	78	90	
*	-1	*	-1	-1	537	84.625000	D4	62	90	
*	-1	*	-1	-1	541	85.375000	C#4	61	90	
*	-1	*	-1	-1	547	86.125000	B3	59	90	
*	-1	*	-1	-1	552	86.875000	A3	57	90	
*	-1	*	-1	-1	557	87.625000	G#3	56	90	
*	-1	*	-1	-1	564	88.375000	C#4	61	90	
*	-1	*	-1	-1	568	88.875000	A5	81	90	
*	-1	*	-1	-1	570	89.125000	F#3	54	90	
*	-1	*	-1	-1	574	89.875000	C#4	61	90	
*	-1	*	-1	-1	578	90.625000	C4	60	90	
*	-1	*	-1	-1	582	91.375000	C4	60	90	
*	-1	*	-1	-1	586	92.125000	B3	59	90	
*	-1	*	-1	-1	591	92.875000	A3	57	90	
*	-1	*	-1	-1	598	93.625000	Eb4	63	90	
*	-1	*	-1	-1	602	94.375000	D4	62	90	
*	-1	*	-1	-1	606	95.125000	D4	62	90	
*	-1	*	-1	-1	610	95.875000	Eb4	63	90	
*	-1	*	-1	-1	613	96.625000	E4	64	90	
*	-1	*	-1	-1	617	97.375000	F4	65	90	
*	-1	*	-1	-1	620	98.125000	B3	59	90	
*	-1	*	-1	-1	624	98.875000	A3	57	90	
*	-1	*	-1	-1	630	99.625000	G#3	56	90	
*	-1	*	-1	-1	633	99.868750	B4	71	90	
*	-1	*	-1	-1	636	100.375000	F#3	54	90	
*	-1	*	-1	-1	640	101.125000	B3	59	90	
*	-1	*	-1	-1	645	101.875000	B2	47	90	
*	-1	*	-1	-1	875	140.625000	G3	55	90	
*	-1	*	-1	-1	931	150.000000	G3	55	90	
*	-1	*	-1	-1	947	152.625000	A3	57	90	
*	-1	*	-1	-1	1001	160.875000	E3	52	90	
*	-1	*	-1	-1	1013	162.375000	A3	57	90	
*	-1	*	-1	-1	1080	172.875000	A4	69	90	
*	-1	*	-1	-1	1086	173.625000	A5	81	90	
*	-1	*	-1	-1	1166	185.625000	A2	45	90	
*	-1	*	-1	-1	453	72.875000	G3	55	90	
