// alignID alignOntime alignSitch alignPitch alignOnvel refID refOntime refSitch refPitch refOnvel
0	5.739000	C5	72	41	0	0.000000	C5	72	90	
1	5.742000	A4	69	35	1	0.000000	A4	69	90	
2	6.305000	E5	76	54	3	0.375000	E5	76	90	
3	6.342000	C5	72	44	2	0.375000	C5	72	90	
4	6.797000	C5	72	58	5	0.750000	C5	72	90	
5	6.830000	A4	69	43	4	0.750000	A4	69	90	
6	7.525000	B4	71	52	7	1.125000	B4	71	90	
7	7.537000	A2	45	28	10	1.125000	A2	45	90	
8	7.547000	G#4	68	44	8	1.125000	G#4	68	90	
9	7.562000	E3	52	32	9	1.125000	E3	52	90	
10	7.565000	D4	62	38	6	1.125000	D4	62	90	
11	8.767000	C4	60	35	11	1.875000	C4	60	90	
12	9.231000	A4	69	49	12	2.250000	A4	69	90	
13	9.654000	G4	67	58	13	2.625000	G4	67	90	
14	10.086000	F4	65	62	14	3.000000	F4	65	90	
15	10.649000	E4	64	50	16	3.375000	E4	64	90	
16	10.665000	G#3	56	40	15	3.375000	G#3	56	90	
17	10.680000	D4	62	44	17	3.375000	D4	62	90	
18	11.341000	G4	67	40	*	-1	*	-1	-1	
19	11.414000	F4	65	45	18	3.937500	F4	65	90	
20	11.790000	E4	64	41	20	4.125000	E4	64	90	
21	11.819000	A3	57	34	21	4.125000	A3	57	90	
22	11.826000	C4	60	32	19	4.125000	C4	60	90	
23	12.550000	C5	72	44	23	4.500000	C5	72	90	
24	12.570000	A4	69	43	22	4.500000	A4	69	90	
25	13.065000	E5	76	60	24	4.875000	E5	76	90	
26	13.089000	C5	72	41	25	4.875000	C5	72	90	
27	13.529000	C5	72	64	26	5.250000	C5	72	90	
28	13.569000	A4	69	48	27	5.250000	A4	69	90	
29	14.195000	B4	71	60	28	5.625000	B4	71	90	
30	14.210000	D4	62	42	29	5.625000	D4	62	90	
31	14.210000	G#4	68	50	30	5.625000	G#4	68	90	
32	14.256000	A2	45	28	32	5.625000	A2	45	90	
33	14.275000	E3	52	29	31	5.625000	E3	52	90	
34	15.343000	C4	60	47	33	6.375000	C4	60	90	
35	15.797000	A4	69	61	34	6.750000	A4	69	90	
36	16.420000	G4	67	54	36	7.125000	G4	67	90	
37	16.502000	C5	72	17	35	7.125000	C5	72	90	
38	16.918000	A4	69	60	38	7.500000	A4	69	90	
39	16.924000	F4	65	58	37	7.500000	F4	65	90	
40	17.409000	E4	64	55	41	7.875000	E4	64	90	
41	17.433000	G4	67	53	*	-1	*	-1	-1	
42	17.986000	E4	64	51	*	-1	*	-1	-1	
43	18.000000	G#3	56	40	39	7.875000	G#3	56	90	
44	18.011000	D4	62	42	42	8.437500	F4	65	90	
45	18.702000	G4	67	50	*	-1	*	-1	-1	
46	18.790000	F4	65	47	*	-1	*	-1	-1	
47	19.177000	A3	57	32	45	8.625000	A3	57	90	
48	19.179000	C4	60	34	44	8.625000	C4	60	90	
49	19.180000	E4	64	30	43	8.625000	E4	64	90	
50	19.797000	C5	72	56	47	9.000000	C5	72	90	
51	19.807000	A4	69	53	46	9.000000	A4	69	90	
52	20.323000	E3	52	46	52	9.375000	E3	52	90	
53	20.334000	E5	76	56	48	9.375000	E5	76	90	
54	20.340000	A2	45	41	51	9.375000	A2	45	90	
55	20.344000	E4	64	48	49	9.375000	E4	64	90	
56	20.353000	C5	72	43	50	9.375000	C5	72	90	
57	20.779000	C5	72	62	53	9.750000	C5	72	90	
58	20.808000	A4	69	45	54	9.750000	A4	69	90	
59	20.968000	F#3	54	62	55	9.937500	F#3	54	90	
60	21.275000	E3	52	55	58	10.125000	E3	52	90	
61	21.283000	G3	55	54	59	10.125000	G3	55	90	
62	21.291000	B4	71	52	56	10.125000	B4	71	90	
63	21.303000	G4	67	49	57	10.125000	G4	67	90	
64	21.725000	B3	59	58	60	10.500000	B3	59	90	
65	22.168000	C4	60	60	61	10.875000	C4	60	90	
66	22.569000	A4	69	54	62	11.250000	A4	69	90	
67	22.581000	F#4	66	47	63	11.250000	F#4	66	90	
68	22.863000	F3	53	12	*	-1	*	-1	-1	
69	22.976000	B4	71	56	64	11.625000	B4	71	90	
70	22.995000	G4	67	52	65	11.625000	G4	67	90	
71	23.396000	Eb4	63	55	68	12.000000	Eb4	63	90	
72	23.419000	C5	72	51	66	12.000000	C5	72	90	
73	23.429000	A4	69	44	67	12.000000	A4	69	90	
74	23.977000	B4	71	47	70	12.375000	B4	71	90	
75	23.991000	G4	67	45	69	12.375000	G4	67	90	
76	23.998000	E4	64	43	71	12.375000	E4	64	90	
77	24.827000	E3	52	47	72	13.125000	E3	52	90	
78	25.217000	C5	72	59	74	13.500000	C5	72	90	
79	25.234000	A4	69	50	73	13.500000	A4	69	90	
80	25.642000	E5	76	62	76	13.875000	E5	76	90	
81	25.648000	C5	72	53	75	13.875000	C5	72	90	
82	26.018000	C4	60	66	79	14.250000	C4	60	90	
83	26.049000	C5	72	52	77	14.250000	C5	72	90	
84	26.069000	A4	69	43	78	14.250000	A4	69	90	
85	26.585000	B4	71	58	81	14.625000	B4	71	90	
86	26.591000	E4	64	50	82	14.625000	E4	64	90	
87	26.602000	G4	67	52	80	14.625000	G4	67	90	
88	27.030000	C4	60	55	83	15.000000	C4	60	90	
89	27.442000	B3	59	51	84	15.375000	B3	59	90	
90	27.834000	F#4	66	49	85	15.750000	F#4	66	90	
91	27.842000	A4	69	48	86	15.750000	A4	69	90	
92	28.259000	B4	71	46	87	16.125000	B4	71	90	
93	28.283000	G4	67	47	88	16.125000	G4	67	90	
94	28.673000	C5	72	45	90	16.500000	C5	72	90	
95	28.678000	A4	69	41	89	16.500000	A4	69	90	
96	28.689000	A3	57	38	91	16.500000	A3	57	90	
97	29.207000	B4	71	43	92	16.875000	B4	71	90	
98	29.216000	G4	67	38	93	16.875000	G4	67	90	
99	29.226000	B3	59	37	94	16.875000	B3	59	90	
100	30.009000	E3	52	47	95	17.625000	E3	52	90	
101	30.835000	B4	71	55	96	18.375000	B4	71	90	
102	30.844000	G4	67	47	97	18.375000	G4	67	90	
103	32.046000	F2	41	35	101	19.125000	F2	41	90	
104	32.059000	B4	71	48	99	19.125000	B4	71	90	
105	32.064000	C4	60	41	98	19.125000	C4	60	90	
106	32.076000	G4	67	39	100	19.125000	G4	67	90	
107	32.975000	A4	69	52	102	19.875000	A4	69	90	
108	32.993000	F4	65	41	103	19.875000	F4	65	90	
109	33.359000	G4	67	58	104	20.250000	G4	67	90	
110	33.380000	E4	64	44	105	20.250000	E4	64	90	
111	33.744000	F5	77	63	106	20.625000	F5	77	90	
112	33.762000	F4	65	46	109	20.625000	F4	65	90	
113	33.765000	A4	69	52	108	20.625000	A4	69	90	
114	33.766000	D4	62	43	107	20.625000	D4	62	90	
115	33.767000	F3	53	39	110	20.625000	F3	53	90	
116	34.113000	C4	60	54	111	21.000000	C4	60	90	
117	34.116000	E4	64	60	112	21.000000	E4	64	90	
118	34.554000	F5	77	69	113	21.375000	F5	77	90	
119	34.566000	E4	64	50	115	21.375000	E4	64	90	
120	34.566000	G3	55	46	116	21.375000	G3	55	90	
121	34.577000	C4	60	37	117	21.375000	C4	60	90	
122	34.580000	A4	69	54	114	21.375000	A4	69	90	
123	35.393000	G4	67	58	118	22.125000	G4	67	90	
124	35.406000	B3	59	51	119	22.125000	B3	59	90	
125	35.412000	D4	62	49	120	22.125000	D4	62	90	
126	35.736000	A5	81	69	121	22.500000	A5	81	90	
127	36.088000	G5	79	68	123	22.875000	G5	79	90	
128	36.096000	E4	64	50	124	22.875000	E4	64	90	
129	36.097000	C4	60	44	125	22.875000	C4	60	90	
130	36.102000	A4	69	59	122	22.875000	A4	69	90	
131	36.427000	F5	77	72	126	23.250000	F5	77	90	
132	36.438000	F4	65	52	129	23.250000	F4	65	90	
133	36.450000	B4	71	57	127	23.250000	B4	71	90	
134	36.467000	D4	62	27	128	23.250000	D4	62	90	
135	36.820000	E5	76	66	130	23.625000	E5	76	90	
136	36.830000	C5	72	58	131	23.625000	C5	72	90	
137	36.832000	G4	67	55	133	23.625000	G4	67	90	
138	36.838000	E4	64	50	134	23.625000	E4	64	90	
139	36.859000	G3	55	43	132	23.625000	G3	55	90	
140	37.184000	G5	79	68	135	24.000000	G5	79	90	
141	37.571000	C6	84	67	136	24.375000	C6	84	90	
142	37.935000	A5	81	70	137	24.750000	A5	81	90	
143	37.939000	E4	64	60	138	24.750000	E4	64	90	
144	38.450000	E5	76	69	139	25.125000	E5	76	90	
145	38.462000	A4	69	46	141	25.125000	A4	69	90	
146	38.466000	C5	72	57	140	25.125000	C5	72	90	
147	38.902000	D4	62	51	142	25.500000	D4	62	90	
148	39.087000	F#5	78	62	143	25.687500	F#5	78	90	
149	39.374000	F#5	78	61	145	25.875000	F#5	78	90	
150	39.386000	G3	55	38	146	25.875000	G3	55	90	
151	39.393000	C5	72	48	144	25.875000	C5	72	90	
152	39.396000	D4	62	40	147	25.875000	D4	62	90	
153	40.409000	G5	79	49	149	26.625000	G5	79	90	
154	40.421000	B4	71	38	148	26.625000	B4	71	90	
155	41.035000	G4	67	52	152	27.000000	G4	67	90	
156	41.057000	D4	62	41	151	27.000000	D4	62	90	
157	41.079000	B3	59	32	150	27.000000	B3	59	90	
158	41.614000	C5	72	55	153	27.375000	C5	72	90	
159	41.626000	E4	64	44	155	27.375000	E4	64	90	
160	41.638000	G4	67	32	154	27.375000	G4	67	90	
161	42.045000	A4	69	60	156	27.750000	A4	69	90	
162	42.101000	E4	64	8	158	27.750000	E4	64	90	
163	42.105000	C4	60	17	157	27.750000	C4	60	90	
164	42.286000	G1	31	39	*	-1	*	-1	-1	
165	42.561000	F#4	66	55	161	28.125000	F#4	66	90	
166	42.569000	C4	60	48	159	28.125000	C4	60	90	
167	42.583000	A3	57	35	160	28.125000	A3	57	90	
168	42.583000	G2	43	36	162	28.125000	G2	43	90	
169	43.432000	G4	67	57	163	28.875000	G4	67	90	
170	43.444000	B3	59	47	165	28.875000	B3	59	90	
171	43.464000	D4	62	45	164	28.875000	D4	62	90	
172	43.839000	F3	53	55	169	29.250000	F3	53	90	
173	43.841000	G#4	68	66	166	29.250000	G#4	68	90	
174	43.857000	D4	62	50	167	29.250000	D4	62	90	
175	43.861000	B3	59	49	168	29.250000	B3	59	90	
176	44.257000	E3	52	52	173	29.625000	E3	52	90	
177	44.289000	A4	69	60	170	29.625000	A4	69	90	
178	44.295000	E4	64	47	171	29.625000	E4	64	90	
179	44.304000	C4	60	50	172	29.625000	C4	60	90	
180	44.672000	A3	57	53	176	30.000000	A3	57	90	
181	44.690000	F4	65	59	175	30.000000	F4	65	90	
182	44.698000	C4	60	47	174	30.000000	C4	60	90	
183	45.197000	F#3	54	50	179	30.375000	F#3	54	90	
184	45.200000	Eb4	63	57	177	30.375000	Eb4	63	90	
185	45.209000	A3	57	44	178	30.375000	A3	57	90	
186	45.224000	G2	43	43	180	30.375000	G2	43	90	
187	46.082000	E4	64	60	181	31.125000	E4	64	90	
188	46.100000	G3	55	45	183	31.125000	G3	55	90	
189	46.117000	B3	59	41	182	31.125000	B3	59	90	
190	46.623000	G4	67	61	185	31.500000	G4	67	90	
191	46.636000	Bb3	58	56	184	31.500000	Bb3	58	90	
192	47.414000	F4	65	67	186	32.250000	F4	65	90	
193	47.433000	A3	57	50	187	32.250000	A3	57	90	
194	47.882000	F4	65	57	189	32.625000	F4	65	90	
195	47.904000	A3	57	41	188	32.625000	A3	57	90	
196	47.907000	Bb3	58	46	190	32.625000	Bb3	58	90	
197	48.306000	E4	64	60	192	33.000000	E4	64	90	
198	48.330000	G3	55	51	191	33.000000	G3	55	90	
199	48.798000	Bb2	46	41	196	33.375000	Bb2	46	90	
200	48.800000	D4	62	60	193	33.375000	D4	62	90	
201	48.810000	G3	55	41	195	33.375000	G3	55	90	
202	48.817000	E3	52	41	194	33.375000	E3	52	90	
203	49.658000	C#4	61	62	197	34.125000	C#4	61	90	
204	49.666000	A2	45	36	198	34.125000	A2	45	90	
205	49.672000	G3	55	43	*	-1	*	-1	-1	
206	49.688000	E3	52	33	*	-1	*	-1	-1	
207	50.068000	A4	69	58	199	34.500000	A4	69	90	
208	50.623000	G4	67	57	200	34.875000	G4	67	90	
209	50.631000	C#4	61	49	202	34.875000	C#4	61	90	
210	50.631000	A3	57	40	201	34.875000	A3	57	90	
211	50.634000	D3	50	36	203	34.875000	D3	50	90	
212	50.643000	E3	52	37	204	34.875000	E3	52	90	
213	51.738000	F4	65	49	206	35.625000	F4	65	90	
214	51.754000	D4	62	37	207	35.625000	D4	62	90	
215	51.755000	F3	53	35	208	35.625000	F3	53	90	
216	52.183000	F4	65	52	209	36.000000	F4	65	90	
217	52.230000	D4	62	29	210	36.000000	D4	62	90	
218	52.621000	B2	47	54	214	36.375000	B2	47	90	
219	52.634000	A4	69	51	211	36.375000	A4	69	90	
220	52.643000	A3	57	43	212	36.375000	A3	57	90	
221	52.658000	F4	65	17	213	36.375000	F4	65	90	
222	53.044000	F4	65	55	216	36.750000	F4	65	90	
223	53.060000	D4	62	50	215	36.750000	D4	62	90	
224	53.596000	E3	52	43	220	37.125000	E3	52	90	
225	53.601000	D4	62	46	219	37.125000	D4	62	90	
226	53.609000	E4	64	51	218	37.125000	E4	64	90	
227	53.632000	G#3	56	46	217	37.125000	G#3	56	90	
228	54.496000	C4	60	47	222	37.875000	C4	60	90	
229	54.500000	G4	67	53	223	37.875000	G4	67	90	
230	54.511000	A3	57	37	221	37.875000	A3	57	90	
231	54.906000	F4	65	64	224	38.250000	F4	65	90	
232	55.320000	E2	40	41	228	38.625000	E2	40	90	
233	55.348000	E4	64	59	227	38.625000	E4	64	90	
234	55.370000	B3	59	48	225	38.625000	B3	59	90	
235	55.372000	G3	55	46	226	38.625000	G3	55	90	
236	55.810000	Eb4	63	63	230	39.000000	Eb4	63	90	
237	55.821000	A3	57	54	231	39.000000	A3	57	90	
238	55.832000	F3	53	49	229	39.000000	F3	53	90	
239	56.640000	Eb4	63	54	234	39.375000	Eb4	63	90	
240	56.654000	F3	53	40	232	39.375000	F3	53	90	
241	56.655000	A3	57	41	233	39.375000	A3	57	90	
242	58.132000	E4	64	44	236	40.125000	E4	64	90	
243	58.139000	E3	52	32	237	40.125000	E3	52	90	
244	58.147000	G#3	56	36	235	40.125000	G#3	56	90	
245	59.233000	C5	72	45	238	40.500000	C5	72	90	
246	59.257000	A4	69	45	239	40.500000	A4	69	90	
247	59.728000	E5	76	54	240	40.875000	E5	76	90	
248	59.758000	C5	72	36	*	-1	*	-1	-1	
249	59.768000	A4	69	44	*	-1	*	-1	-1	
250	60.189000	C5	72	56	242	41.250000	C5	72	90	
251	60.229000	A4	69	43	243	41.250000	A4	69	90	
252	60.866000	E3	52	40	246	41.625000	E3	52	90	
253	60.870000	B4	71	50	244	41.625000	B4	71	90	
254	60.889000	D4	62	46	245	41.625000	D4	62	90	
255	61.929000	G#4	68	51	247	42.375000	G#4	68	90	
256	61.943000	C4	60	50	248	42.375000	C4	60	90	
257	62.365000	F4	65	56	249	42.750000	F4	65	90	
258	62.366000	A4	69	59	250	42.750000	A4	69	90	
259	62.774000	C5	72	60	251	43.125000	C5	72	90	
260	62.786000	G4	67	52	252	43.125000	G4	67	90	
261	62.799000	E4	64	49	253	43.125000	E4	64	90	
262	63.199000	A4	69	63	254	43.500000	A4	69	90	
263	63.212000	F4	65	56	255	43.500000	F4	65	90	
264	63.219000	D4	62	54	256	43.500000	D4	62	90	
265	63.745000	E4	64	58	259	43.875000	E4	64	90	
266	63.762000	D4	62	52	258	43.875000	D4	62	90	
267	63.767000	G#3	56	44	257	43.875000	G#3	56	90	
268	64.362000	G4	67	50	*	-1	*	-1	-1	
269	64.452000	F4	65	58	262	44.437500	F4	65	90	
270	64.801000	E4	64	53	263	44.625000	E4	64	90	
271	64.820000	A3	57	39	265	44.625000	A3	57	90	
272	64.837000	A2	45	30	266	44.625000	A2	45	90	
273	64.838000	C4	60	42	264	44.625000	C4	60	90	
274	65.394000	C5	72	55	268	45.000000	C5	72	90	
275	65.421000	A4	69	47	267	45.000000	A4	69	90	
276	66.033000	E5	76	56	269	45.375000	E5	76	90	
277	66.039000	A3	57	57	271	45.375000	A3	57	90	
278	66.054000	C5	72	42	270	45.375000	C5	72	90	
279	66.055000	E4	64	45	272	45.375000	A3	57	90	
280	66.546000	A4	69	54	274	45.750000	A4	69	90	
281	66.547000	C5	72	56	273	45.750000	C5	72	90	
282	66.761000	G3	55	60	275	45.937500	G3	55	90	
283	67.058000	A3	57	52	*	-1	*	-1	-1	
284	67.061000	G3	55	55	279	46.125000	G3	55	90	
285	67.069000	A4	69	56	278	46.125000	A4	69	90	
286	67.095000	E4	64	43	277	46.125000	E4	64	90	
287	67.096000	C4	60	45	276	46.125000	C4	60	90	
288	67.962000	F#3	54	60	280	46.875000	F#3	54	90	
289	68.376000	A4	69	65	281	47.250000	A4	69	90	
290	68.951000	C5	72	64	284	47.625000	C5	72	90	
291	68.954000	B2	47	47	286	47.625000	B2	47	90	
292	68.972000	B1	35	41	285	47.625000	B1	35	90	
293	68.973000	Eb4	63	54	283	47.625000	Eb4	63	90	
294	69.654000	A4	69	64	287	48.187500	A4	69	90	
295	69.978000	A4	69	63	291	48.375000	A4	69	90	
296	69.986000	E2	40	39	293	48.375000	E2	40	90	
297	69.991000	E3	52	43	294	48.375000	E3	52	90	
298	70.000000	C4	60	48	292	48.375000	C4	60	90	
299	70.002000	Eb4	63	45	290	48.375000	Eb4	63	90	
300	71.079000	G#4	68	62	295	49.125000	G#4	68	90	
301	71.106000	E4	64	48	296	49.125000	E4	64	90	
302	71.110000	B3	59	44	297	49.125000	B3	59	90	
303	71.649000	F5	77	66	298	49.500000	F5	77	90	
304	72.201000	D4	62	51	302	49.875000	D4	62	90	
305	72.210000	B4	71	64	299	49.875000	B4	71	90	
306	72.232000	G#4	68	52	300	49.875000	G#4	68	90	
307	72.239000	F4	65	46	301	49.875000	F4	65	90	
308	72.634000	C4	60	69	303	50.250000	C4	60	90	
309	72.827000	C5	72	66	304	50.437500	C5	72	90	
310	73.060000	B3	59	58	306	50.625000	B3	59	90	
311	73.072000	E5	76	67	305	50.625000	E5	76	90	
312	73.518000	D5	74	62	307	51.000000	D5	74	90	
313	73.929000	Bb3	58	51	311	51.375000	Bb3	58	90	
314	73.936000	G#4	68	61	308	51.375000	G#4	68	90	
315	73.954000	F4	65	51	310	51.375000	F4	65	90	
316	73.963000	D4	62	45	309	51.375000	D4	62	90	
317	74.306000	A3	57	57	312	51.750000	A3	57	90	
318	74.472000	A4	69	61	313	51.937500	A4	69	90	
319	74.701000	G#3	56	51	315	52.125000	G#3	56	90	
320	74.706000	C5	72	59	314	52.125000	C5	72	90	
321	75.103000	B4	71	64	316	52.500000	B4	71	90	
322	75.711000	E4	64	62	318	52.875000	E4	64	90	
323	75.725000	G3	55	44	320	52.875000	G3	55	90	
324	75.727000	Bb3	58	53	319	52.875000	Bb3	58	90	
325	75.728000	C#4	61	54	317	52.875000	C#4	61	90	
326	76.156000	F3	53	57	321	53.250000	F3	53	90	
327	76.312000	F4	65	66	322	53.437500	F4	65	90	
328	76.621000	A4	69	64	323	53.625000	A4	69	90	
329	76.647000	E3	52	51	324	53.625000	E3	52	90	
330	77.095000	G4	67	66	325	54.000000	G4	67	90	
331	77.712000	F2	41	42	329	54.375000	F2	41	90	
332	77.715000	F4	65	62	327	54.375000	F4	65	90	
333	77.716000	G3	55	51	330	54.375000	G3	55	90	
334	77.723000	C4	60	54	328	54.375000	C#4	61	90	
335	77.732000	B3	59	45	326	54.375000	Bb3	58	90	
336	78.240000	C4	60	64	331	54.750000	C#4	61	90	
337	78.964000	C#4	61	58	333	55.125000	C#4	61	90	
338	78.980000	A3	57	43	332	55.125000	A3	57	90	
339	80.069000	F3	53	52	335	55.875000	F3	53	90	
340	80.086000	D4	62	54	334	55.875000	D4	62	90	
341	80.375000	F4	65	57	336	56.125000	F4	65	90	
342	80.686000	A4	69	56	337	56.375000	A4	69	90	
343	81.220000	D3	50	44	342	56.625000	D3	50	90	
344	81.225000	G5	79	62	*	-1	*	-1	-1	
345	81.231000	F5	77	52	*	-1	*	-1	-1	
346	81.236000	B3	59	43	341	56.625000	B3	59	90	
347	81.250000	D5	74	44	343	56.875000	D5	74	90	
348	81.641000	F5	77	71	344	57.125000	F5	77	90	
349	82.015000	B5	83	69	345	57.375000	B5	83	90	
350	82.385000	E3	52	47	350	57.375000	B3	59	90	
351	83.215000	F5	77	51	*	-1	*	-1	-1	
352	83.223000	B5	83	62	*	-1	*	-1	-1	
353	83.233000	B4	71	54	*	-1	*	-1	-1	
354	83.239000	A4	69	57	*	-1	*	-1	-1	
355	83.250000	D4	62	39	*	-1	*	-1	-1	
356	83.261000	B3	59	36	*	-1	*	-1	-1	
357	86.012000	E5	76	41	352	58.125000	E5	76	90	
358	86.014000	G#4	68	39	351	58.125000	G#4	68	90	
359	88.491000	E4	64	49	*	-1	*	-1	-1	
360	89.545000	A2	45	32	357	59.625000	A2	45	90	
361	89.550000	E3	52	31	358	59.625000	E3	52	90	
362	89.563000	C#5	73	47	354	59.625000	C#5	73	90	
363	89.579000	C#4	61	42	356	59.625000	C#4	61	90	
364	89.590000	A4	69	36	355	59.625000	A4	69	90	
365	90.012000	Eb3	51	41	359	59.875000	Eb3	51	90	
366	90.260000	E3	52	42	360	60.125000	E3	52	90	
367	90.484000	F3	53	50	361	60.375000	F3	53	90	
368	90.658000	E3	52	51	362	60.625000	E3	52	90	
369	90.870000	F3	53	53	363	60.875000	F3	53	90	
370	91.073000	F#3	54	49	367	61.125000	F#3	54	90	
371	91.076000	C#5	73	60	366	61.125000	C#5	73	90	
372	91.091000	A4	69	55	365	61.125000	A4	69	90	
373	91.102000	C#4	61	52	364	61.125000	C#4	61	90	
374	91.256000	F3	53	44	368	61.375000	F3	53	90	
375	91.451000	F#3	54	49	369	61.625000	F#3	54	90	
376	91.696000	E5	76	61	371	61.875000	E5	76	90	
377	91.716000	C#4	61	39	370	61.875000	C#4	61	90	
378	91.718000	G3	55	44	372	61.875000	G3	55	90	
379	91.961000	A2	45	45	373	62.125000	A2	45	90	
380	92.155000	G3	55	43	374	62.375000	G3	55	90	
381	92.398000	D5	74	58	376	62.625000	D5	74	90	
382	92.418000	C#4	61	35	375	62.625000	D4	62	90	
383	92.420000	F#3	54	46	377	62.625000	F#3	54	90	
384	92.645000	A2	45	48	378	62.875000	A2	45	90	
385	92.751000	C#5	73	61	379	63.000000	C#5	73	90	
386	92.883000	F#3	54	52	380	63.125000	F#3	54	90	
387	93.121000	F3	53	51	381	63.375000	F3	53	90	
388	93.357000	A2	45	43	382	63.625000	A2	45	90	
389	93.446000	B4	71	54	383	63.750000	B4	71	90	
390	93.590000	F3	53	48	384	63.875000	F3	53	90	
391	93.858000	A4	69	56	386	64.125000	A4	69	90	
392	93.862000	E4	64	47	387	64.125000	E4	64	90	
393	93.900000	C#4	61	26	385	64.125000	C#4	61	90	
394	93.915000	E3	52	53	388	64.125000	E3	52	90	
395	94.094000	A2	45	46	389	64.375000	A2	45	90	
396	94.310000	E3	52	45	391	64.625000	E3	52	90	
397	94.530000	D4	62	56	392	64.875000	D4	62	90	
398	94.535000	F3	53	49	394	64.875000	F3	53	90	
399	94.536000	B3	59	48	393	64.875000	B3	59	90	
400	94.776000	E3	52	48	395	65.125000	E3	52	90	
401	94.859000	G#4	68	66	396	65.250000	G#4	68	90	
402	95.283000	Eb4	63	57	399	65.625000	Eb4	63	90	
403	95.283000	B4	71	62	400	65.625000	B4	71	90	
404	95.284000	F#3	54	47	401	65.625000	F#3	54	90	
405	95.315000	B3	59	38	398	65.625000	A3	57	90	
406	95.520000	E3	52	44	402	65.875000	F3	53	90	
407	95.656000	F#4	66	66	403	66.000000	F#4	66	90	
408	95.756000	F#3	54	49	404	66.125000	F#3	54	90	
409	96.030000	F#4	66	63	406	66.375000	F#4	66	90	
410	96.047000	G3	55	54	409	66.375000	G3	55	90	
411	96.062000	B3	59	46	407	66.375000	B3	59	90	
412	96.074000	D4	62	41	405	66.375000	D4	62	90	
413	96.271000	F#3	54	55	410	66.625000	F#3	54	90	
414	96.457000	G3	55	53	411	66.875000	G3	55	90	
415	96.683000	G#3	56	56	412	67.125000	G#3	56	90	
416	96.885000	G3	55	55	413	67.375000	G3	55	90	
417	97.110000	G#3	56	56	414	67.625000	G#3	56	90	
418	97.372000	E4	64	55	415	67.875000	E4	64	90	
419	97.605000	B3	59	50	416	68.125000	B3	59	90	
420	97.869000	E3	52	44	417	68.375000	E3	52	90	
421	98.251000	C#5	73	53	418	68.625000	C#5	73	90	
422	98.268000	E4	64	43	419	68.625000	E4	64	90	
423	98.277000	A3	57	36	421	68.625000	A3	57	90	
424	98.279000	A4	69	32	420	68.625000	A4	69	90	
425	98.501000	B3	59	50	422	68.875000	B3	59	90	
426	98.719000	A3	57	47	423	69.125000	A3	57	90	
427	98.933000	G#3	56	49	424	69.375000	G#3	56	90	
428	99.128000	A3	57	55	425	69.625000	A3	57	90	
429	99.300000	G#3	56	60	426	69.875000	G#3	56	90	
430	99.498000	G3	55	52	430	70.125000	G3	55	90	
431	99.498000	C#5	73	63	429	70.125000	C#5	73	90	
432	99.514000	A4	69	51	428	70.125000	A4	69	90	
433	99.520000	E4	64	46	427	70.125000	E4	64	90	
434	99.705000	A3	57	53	431	70.375000	A3	57	90	
435	99.889000	G3	55	63	432	70.625000	G3	55	90	
436	100.121000	E5	76	66	433	70.875000	E5	76	90	
437	100.134000	A4	69	55	435	70.875000	A4	69	90	
438	100.135000	E4	64	49	434	70.875000	E4	64	90	
439	100.142000	F#3	54	48	436	70.875000	F#3	54	90	
440	100.328000	A3	57	53	437	71.125000	A3	57	90	
441	100.535000	F#3	54	55	438	71.375000	F#3	54	90	
442	100.797000	F3	53	48	440	71.625000	F3	53	90	
443	100.804000	D4	62	53	439	71.625000	D4	62	90	
444	101.014000	A3	57	51	442	71.875000	A3	57	90	
445	101.138000	D5	74	65	443	72.000000	D5	74	90	
446	101.226000	F3	53	49	444	72.125000	F3	53	90	
447	101.507000	C#5	73	64	445	72.375000	C#5	73	90	
448	101.511000	E3	52	52	447	72.375000	E3	52	90	
449	101.525000	E4	64	48	446	72.375000	E4	64	90	
450	101.732000	A3	57	46	449	72.625000	A3	57	90	
451	101.864000	B4	71	67	451	72.750000	B4	71	90	
452	101.949000	D3	50	55	452	72.750000	D3	50	90	
453	102.343000	C#5	73	64	454	73.125000	C#5	73	90	
454	102.350000	C#3	49	53	456	73.125000	C#3	49	90	
455	102.364000	F4	65	53	455	73.125000	F4	65	90	
456	102.632000	G#3	56	53	457	73.375000	G#3	56	90	
457	102.821000	C#3	49	58	458	73.625000	C#3	49	90	
458	103.041000	F#4	66	61	459	73.875000	F#4	66	90	
459	103.047000	A3	57	54	460	73.875000	A3	57	90	
460	103.258000	C#3	49	61	461	74.125000	C#3	49	90	
461	103.531000	C#5	73	71	462	74.250000	C#5	73	90	
462	103.674000	A3	57	55	463	74.375000	A3	57	90	
463	104.022000	C#3	49	57	466	74.625000	C#3	49	90	
464	104.033000	F#5	78	70	464	74.625000	F#5	78	90	
465	104.050000	A4	69	60	465	74.625000	A4	69	90	
466	104.328000	C4	60	52	467	74.875000	C4	60	90	
467	104.471000	D5	74	65	469	75.000000	D5	74	90	
468	104.591000	C#3	49	59	470	75.125000	C#3	49	90	
469	105.183000	B4	71	60	*	-1	*	-1	-1	
470	105.221000	D4	62	49	473	75.375000	D4	62	90	
471	105.222000	F#4	66	51	471	75.375000	F#4	66	90	
472	105.457000	C5	72	62	472	75.375000	C5	72	90	
473	105.686000	C#3	49	51	474	75.625000	C#3	49	90	
474	105.974000	D4	62	56	475	75.875000	D4	62	90	
475	106.246000	C#3	49	48	478	76.125000	C#3	49	90	
476	106.272000	C#5	73	59	476	76.125000	C#5	73	90	
477	106.307000	F4	65	49	477	76.125000	F4	65	90	
478	106.578000	C#4	61	46	479	76.375000	C#4	61	90	
479	106.766000	C#3	49	49	480	76.625000	C#3	49	90	
480	107.002000	C#5	73	67	481	76.875000	C#5	73	90	
481	107.013000	F4	65	57	482	76.875000	F4	65	90	
482	107.027000	B3	59	50	483	76.875000	B3	59	90	
483	107.254000	C#4	61	59	484	77.125000	C#4	61	90	
484	107.499000	B3	59	59	485	77.375000	B3	59	90	
485	107.861000	C#5	73	63	487	77.625000	C#5	73	90	
486	107.868000	F#4	66	57	488	77.625000	F#4	66	90	
487	107.872000	Bb3	58	51	489	77.625000	Bb3	58	90	
488	107.873000	E4	64	47	486	77.625000	E4	64	90	
489	108.145000	C#4	61	49	490	77.875000	C#4	61	90	
490	108.345000	Bb3	58	49	491	78.125000	Bb3	58	90	
491	108.545000	F#3	54	55	492	78.375000	F#3	54	90	
492	108.747000	Bb3	58	57	493	78.625000	Bb3	58	90	
493	108.973000	F#2	42	55	494	78.875000	F#2	42	90	
494	109.233000	B4	71	62	495	79.125000	B4	71	90	
495	109.235000	G#3	56	56	496	79.125000	G#3	56	90	
496	109.564000	F#3	54	49	497	79.375000	F#3	54	90	
497	109.638000	C#5	73	66	498	79.500000	C#5	73	90	
498	109.777000	Bb3	58	51	499	79.625000	Bb3	58	90	
499	110.268000	D5	74	69	500	79.875000	D5	74	90	
500	110.583000	B3	59	48	502	80.125000	B3	59	90	
501	110.842000	D4	62	52	504	80.375000	D4	62	90	
502	111.060000	C#5	73	67	505	80.625000	C#5	73	90	
503	111.253000	A3	57	57	506	80.875000	A3	57	90	
504	111.455000	D4	62	56	508	81.125000	D4	62	90	
505	111.658000	E5	76	66	511	81.375000	E5	76	90	
506	111.672000	B4	71	57	509	81.375000	B4	71	90	
507	111.674000	D5	74	60	510	81.375000	D5	74	90	
508	111.842000	G3	55	58	512	81.625000	G3	55	90	
509	112.060000	D4	62	55	514	81.875000	D4	62	90	
510	112.271000	F#5	78	69	516	82.125000	F#5	78	90	
511	112.284000	D5	74	50	*	-1	*	-1	-1	
512	112.310000	A4	69	34	515	82.125000	A4	69	90	
513	112.440000	F#3	54	57	517	82.375000	F#3	54	90	
514	112.710000	D4	62	55	519	82.625000	D4	62	90	
515	113.030000	A5	81	67	520	82.875000	A5	81	90	
516	113.042000	B4	71	58	522	82.875000	B4	71	90	
517	113.067000	G4	67	50	521	82.875000	G4	67	90	
518	113.336000	E3	52	51	523	83.125000	E3	52	90	
519	113.461000	G5	79	67	525	83.250000	G5	79	90	
520	113.622000	D4	62	49	526	83.375000	D4	62	90	
521	113.864000	F#5	78	72	527	83.625000	F#5	78	90	
522	113.871000	A4	69	47	528	83.625000	A4	69	90	
523	113.877000	G4	67	53	529	83.625000	G4	67	90	
524	114.065000	A3	57	50	530	83.875000	A3	57	90	
525	114.225000	E5	76	73	532	84.000000	E5	76	90	
526	114.299000	C#4	61	55	533	84.125000	C#4	61	90	
527	114.576000	F#5	78	72	534	84.375000	F#5	78	90	
528	114.797000	D4	62	53	536	84.625000	D4	62	90	
529	114.980000	F#4	66	57	538	84.875000	F#4	66	90	
530	115.172000	E5	76	71	539	85.125000	E5	76	90	
531	115.353000	C#4	61	64	540	85.375000	C#4	61	90	
532	115.536000	F#4	66	61	542	85.625000	F#4	66	90	
533	115.721000	G#5	80	70	543	85.875000	G#5	80	90	
534	115.727000	F#5	78	66	545	85.875000	F#5	78	90	
535	115.746000	D5	74	52	544	85.875000	D5	74	90	
536	115.925000	B3	59	63	546	86.125000	B3	59	90	
537	116.109000	F#4	66	66	548	86.375000	F#4	66	90	
538	116.255000	A5	81	74	549	86.625000	A5	81	90	
539	116.266000	D5	74	45	550	86.625000	C#5	73	90	
540	116.274000	F#5	78	50	*	-1	*	-1	-1	
541	116.468000	A3	57	64	551	86.875000	A3	57	90	
542	116.657000	Bb5	82	32	*	-1	*	-1	-1	
543	116.668000	F#4	66	67	553	87.125000	F#4	66	90	
544	116.950000	C#6	85	73	555	87.375000	C#6	85	90	
545	116.967000	D5	74	64	554	87.375000	D5	74	90	
546	117.190000	G#3	56	63	556	87.625000	G#3	56	90	
547	117.360000	B5	83	76	558	87.750000	B5	83	90	
548	117.505000	F#4	66	61	559	87.875000	F#4	66	90	
549	117.793000	A5	81	60	561	88.125000	A5	81	90	
550	117.838000	F#5	78	26	*	-1	*	-1	-1	
551	117.893000	C#5	73	46	560	88.125000	C#5	73	90	
552	118.021000	C#4	61	59	563	88.375000	C#4	61	90	
553	118.126000	G#5	80	70	565	88.500000	G#5	80	90	
554	118.278000	F4	65	55	566	88.625000	F4	65	90	
555	118.567000	A5	81	64	567	88.875000	A5	81	90	
556	118.776000	F#3	54	57	569	89.125000	F#3	54	90	
557	119.070000	A4	69	51	571	89.375000	A4	69	90	
558	119.243000	G#5	80	63	572	89.625000	G#5	80	90	
559	119.435000	C#4	61	57	573	89.875000	C#4	61	90	
560	119.649000	A4	69	56	575	90.125000	A4	69	90	
561	119.853000	F#5	78	67	576	90.375000	F#5	78	90	
562	120.042000	C4	60	58	577	90.625000	C4	60	90	
563	120.262000	A4	69	46	579	90.875000	A4	69	90	
564	120.492000	E5	76	61	580	91.125000	E5	76	90	
565	120.719000	C4	60	45	581	91.375000	C4	60	90	
566	120.919000	A4	69	54	583	91.625000	A4	69	90	
567	121.107000	Eb5	75	64	584	91.875000	Eb5	75	90	
568	121.311000	B3	59	53	585	92.125000	B3	59	90	
569	121.523000	A4	69	53	587	92.375000	A4	69	90	
570	121.788000	G#5	80	67	589	92.625000	G#5	80	90	
571	121.809000	B4	71	58	588	92.625000	B4	71	90	
572	122.107000	A3	57	52	590	92.875000	A3	57	90	
573	122.373000	Eb4	63	51	592	93.125000	Eb4	63	90	
574	122.455000	F#5	78	74	593	93.187500	F#5	78	90	
575	122.660000	B5	83	72	595	93.375000	B5	83	90	
576	122.705000	G#3	56	50	596	93.375000	G#3	56	90	
577	122.988000	Eb4	63	58	597	93.625000	Eb4	63	90	
578	123.209000	B4	71	59	599	93.875000	B4	71	90	
579	123.377000	F5	77	69	600	94.125000	F5	77	90	
580	123.400000	B5	83	33	*	-1	*	-1	-1	
581	123.580000	D4	62	62	601	94.375000	D4	62	90	
582	123.782000	B4	71	63	603	94.625000	B4	71	90	
583	123.980000	E5	76	72	604	94.875000	E5	76	90	
584	124.180000	D4	62	63	605	95.125000	D4	62	90	
585	124.415000	B4	71	58	607	95.375000	B4	71	90	
586	124.677000	Eb5	75	70	608	95.625000	Eb5	75	90	
587	124.946000	Eb4	63	54	609	95.875000	Eb4	63	90	
588	125.160000	B4	71	58	611	96.118750	B4	71	90	
589	125.567000	E4	64	62	612	96.625000	E4	64	90	
590	125.760000	B4	71	60	614	96.868750	B4	71	90	
591	125.977000	D5	74	64	615	97.125000	D5	74	90	
592	126.162000	F4	65	66	616	97.375000	F4	65	90	
593	126.368000	B4	71	65	618	97.618750	B4	71	90	
594	126.830000	B3	59	63	619	98.125000	B3	59	90	
595	127.100000	G#4	68	60	621	98.368750	G#4	68	90	
596	127.110000	F4	65	52	622	98.368750	F4	65	90	
597	127.587000	A3	57	51	623	98.875000	A3	57	90	
598	127.659000	D5	74	67	625	99.000000	D5	74	90	
599	127.856000	A4	69	55	627	99.118750	A4	69	90	
600	127.865000	F4	65	48	626	99.118750	F4	65	90	
601	128.044000	C#5	73	72	628	99.375000	C#5	73	90	
602	128.279000	G#3	56	60	629	99.625000	G#3	56	90	
603	128.417000	B4	71	70	631	99.750000	B4	71	90	
604	128.599000	F4	65	45	632	99.868750	F4	65	90	
605	129.034000	A4	69	58	634	100.125000	A4	69	90	
606	129.396000	F#3	54	47	635	100.375000	F#3	54	90	
607	129.683000	Eb4	63	52	637	100.618750	Eb4	63	90	
608	129.692000	C4	60	49	638	100.618750	C4	60	90	
609	130.207000	B3	59	53	639	101.125000	B3	59	90	
610	130.318000	G#4	68	59	641	101.250000	G#4	68	90	
611	130.512000	Eb4	63	52	642	101.368750	Eb4	63	90	
612	130.763000	B4	71	58	643	101.625000	B4	71	90	
613	131.042000	B2	47	49	644	101.875000	B2	47	90	
614	131.182000	F#4	66	64	646	102.000000	F#4	66	90	
615	131.408000	A3	57	41	647	102.118750	A3	57	90	
616	131.804000	F#4	66	55	650	102.375000	F#4	66	90	
617	131.810000	D4	62	47	651	102.375000	D4	62	90	
618	131.821000	G#3	56	46	649	102.375000	G#3	56	90	
619	132.129000	Eb3	51	50	652	102.625000	Eb3	51	90	
620	132.415000	E3	52	51	653	102.875000	E3	52	90	
621	132.946000	Eb2	39	50	654	103.375000	Eb2	39	90	
622	133.257000	E2	40	49	655	103.625000	E2	40	90	
623	133.657000	E4	64	45	656	103.875000	E4	64	90	
624	133.680000	D4	62	34	658	103.875000	D4	62	90	
625	133.686000	B3	59	40	657	103.875000	B3	59	90	
626	133.994000	G3	55	46	659	104.125000	G3	55	90	
627	134.344000	G#3	56	47	660	104.375000	G#3	56	90	
628	134.985000	A3	57	37	664	104.625000	A3	57	90	
629	135.042000	C#5	73	47	661	104.625000	C#5	73	90	
630	135.043000	A4	69	45	662	104.625000	A4	69	90	
631	135.052000	E4	64	37	663	104.625000	E4	64	90	
632	135.441000	B3	59	41	665	104.875000	B3	59	90	
633	135.666000	A3	57	44	666	105.125000	A3	57	90	
634	135.881000	G#3	56	54	667	105.375000	G#3	56	90	
635	136.063000	A3	57	52	668	105.625000	A3	57	90	
636	136.259000	G#3	56	56	669	105.875000	G#3	56	90	
637	136.461000	G3	55	50	673	106.125000	G3	55	90	
638	136.464000	C#5	73	62	670	106.125000	C#5	73	90	
639	136.476000	A4	69	53	671	106.125000	A4	69	90	
640	136.490000	E4	64	47	672	106.125000	E4	64	90	
641	136.658000	A3	57	48	674	106.375000	A3	57	90	
642	136.846000	G3	55	53	675	106.625000	G3	55	90	
643	137.165000	A4	69	50	677	106.875000	A4	69	90	
644	137.170000	E5	76	60	676	106.875000	E5	76	90	
645	137.177000	E4	64	46	678	106.875000	E4	64	90	
646	137.211000	F#3	54	46	679	106.875000	F#3	54	90	
647	137.457000	A3	57	41	680	107.125000	A3	57	90	
648	137.714000	F#3	54	36	681	107.375000	F#3	54	90	
649	137.960000	D4	62	43	682	107.625000	D4	62	90	
650	137.963000	F3	53	45	683	107.625000	F3	53	90	
651	138.227000	A3	57	43	684	107.875000	A3	57	90	
652	138.313000	D5	74	54	685	108.000000	D5	74	90	
653	138.676000	C#5	73	58	688	108.375000	C#5	73	90	
654	138.696000	E4	64	44	687	108.375000	E4	64	90	
655	138.709000	E3	52	44	689	108.375000	E3	52	90	
656	138.942000	A3	57	49	690	108.625000	A3	57	90	
657	139.100000	B4	71	60	692	108.750000	B4	71	90	
658	139.119000	F4	65	47	691	108.750000	F4	65	90	
659	139.249000	D3	50	44	693	108.875000	D3	50	90	
660	139.834000	A3	57	31	697	109.125000	A3	57	90	
661	139.837000	C#3	49	37	698	109.125000	C#3	49	90	
662	139.855000	E5	76	57	695	109.125000	E5	76	90	
663	139.865000	A4	69	41	694	109.125000	A4	69	90	
664	139.873000	E4	64	48	696	109.125000	E4	64	90	
665	141.212000	E5	76	61	699	110.250000	E5	76	90	
666	141.806000	A5	81	62	700	110.625000	A5	81	90	
667	141.830000	E5	76	39	701	110.625000	E5	76	90	
668	141.843000	C#5	73	37	702	110.625000	C#5	73	90	
669	142.263000	F#5	78	69	705	111.000000	F#5	78	90	
670	142.273000	D5	74	48	704	111.000000	C#5	73	90	
671	142.287000	B4	71	43	703	111.000000	A4	69	90	
672	142.849000	Eb5	75	68	708	111.375000	Eb5	75	90	
673	142.868000	A4	69	44	706	111.375000	A4	69	90	
674	142.892000	F#4	66	35	707	111.375000	F#4	66	90	
675	143.826000	B4	71	51	710	112.125000	B4	71	90	
676	143.843000	E5	76	66	709	112.125000	E5	76	90	
677	143.860000	G#4	68	45	711	112.125000	G#4	68	90	
678	144.338000	F#5	78	62	712	112.500000	F#5	78	90	
679	144.369000	C#5	73	48	713	112.500000	C#5	73	90	
680	144.381000	A4	69	40	714	112.500000	A4	69	90	
681	144.774000	D5	74	67	716	112.875000	D5	74	90	
682	144.784000	A4	69	43	717	112.875000	A4	69	90	
683	144.816000	F#4	66	42	715	112.875000	F#4	66	90	
684	145.212000	F#4	66	49	719	113.250000	F#4	66	90	
685	145.214000	C5	72	65	718	113.250000	C5	72	90	
686	145.768000	C5	72	63	722	113.625000	C5	72	90	
687	145.795000	F#4	66	41	721	113.625000	F#4	66	90	
688	145.795000	Eb4	63	42	723	113.625000	Eb4	63	90	
689	146.568000	C#5	73	57	724	114.000000	C#5	73	90	
690	146.602000	G#4	68	45	726	114.000000	G#4	68	90	
691	146.640000	E4	64	10	725	114.000000	E4	64	90	
692	147.490000	D5	74	58	728	114.750000	D5	74	90	
693	147.493000	A4	69	42	729	114.750000	A4	69	90	
694	147.494000	F4	65	43	727	114.750000	F4	65	90	
695	148.688000	B4	71	56	731	115.500000	B4	71	90	
696	148.709000	F4	65	41	730	115.500000	F4	65	90	
697	148.715000	D4	62	38	732	115.500000	D4	62	90	
698	149.807000	G#4	68	54	734	116.250000	G#4	68	90	
699	149.837000	D4	62	41	735	116.250000	D4	62	90	
700	149.839000	B3	59	25	733	116.250000	B3	59	90	
701	152.761000	A4	69	44	736	117.000000	A4	69	90	
702	152.768000	F4	65	44	737	117.000000	F4	65	90	
703	153.623000	F3	53	40	741	117.375000	F3	53	90	
704	153.629000	C4	60	37	740	117.375000	C4	60	90	
705	153.633000	C5	72	52	738	117.375000	C5	72	90	
706	153.657000	A4	69	42	739	117.375000	A4	69	90	
707	154.187000	A4	69	52	743	117.750000	A4	69	90	
708	154.215000	F4	65	44	742	117.750000	F4	65	90	
709	154.812000	C3	48	39	746	118.125000	C3	48	90	
710	154.840000	G4	67	54	745	118.125000	G4	67	90	
711	154.853000	E4	64	42	744	118.125000	E4	64	90	
712	155.785000	B3	59	49	747	118.875000	B3	59	90	
713	156.210000	F4	65	57	749	119.250000	F4	65	90	
714	156.235000	D4	62	50	748	119.250000	D4	62	90	
715	156.670000	A3	57	47	753	119.625000	A3	57	90	
716	156.680000	A4	69	59	751	119.625000	A4	69	90	
717	156.688000	F4	65	52	750	119.625000	F4	65	90	
718	156.705000	D3	50	44	752	119.625000	D3	50	90	
719	157.166000	F4	65	59	754	120.000000	F4	65	90	
720	157.179000	D4	62	55	755	120.000000	D4	62	90	
721	157.995000	E3	52	36	758	120.375000	E3	52	90	
722	158.008000	E4	64	56	756	120.375000	E4	64	90	
723	158.025000	D4	62	48	757	120.375000	D4	62	90	
724	158.041000	G#3	56	45	759	120.375000	G#3	56	90	
725	158.902000	G4	67	46	*	-1	*	-1	-1	
726	158.955000	F4	65	56	760	120.937500	F4	65	90	
727	159.393000	E4	64	45	761	121.125000	E4	64	90	
728	160.233000	C5	72	48	763	121.500000	C5	72	90	
729	160.257000	A4	69	34	762	121.500000	A4	69	90	
730	160.954000	A2	45	42	767	121.875000	A2	45	90	
731	160.990000	C5	72	48	766	121.875000	C5	72	90	
732	160.995000	E5	76	49	765	121.875000	E5	76	90	
733	160.999000	E4	64	45	764	121.875000	E4	64	90	
734	161.480000	C5	72	59	768	122.250000	C5	72	90	
735	161.497000	A4	69	51	769	122.250000	A4	69	90	
736	162.162000	E3	52	44	773	122.625000	E3	52	90	
737	162.181000	B4	71	56	770	122.625000	B4	71	90	
738	162.192000	G#4	68	52	772	122.625000	G#4	68	90	
739	162.200000	D4	62	45	771	122.625000	D4	62	90	
740	163.261000	C4	60	43	774	123.375000	C4	60	90	
741	163.655000	A4	69	53	775	123.750000	A4	69	90	
742	164.093000	G4	67	53	776	124.125000	G4	67	90	
743	164.098000	C5	72	43	777	124.125000	C5	72	90	
744	164.141000	D5	74	17	*	-1	*	-1	-1	
745	164.509000	A4	69	61	779	124.500000	A4	69	90	
746	164.542000	F4	65	52	778	124.500000	F4	65	90	
747	165.183000	G#3	56	48	780	124.875000	G#3	56	90	
748	165.196000	E4	64	50	782	124.875000	E4	64	90	
749	165.202000	D4	62	45	781	124.875000	D4	62	90	
750	165.926000	G4	67	37	*	-1	*	-1	-1	
751	165.942000	F4	65	53	783	125.437500	F4	65	90	
752	166.274000	E4	64	46	785	125.625000	E4	64	90	
753	166.286000	A3	57	45	784	125.625000	A3	57	90	
754	166.288000	C4	60	47	786	125.625000	C4	60	90	
755	167.041000	C5	72	54	787	126.000000	C5	72	90	
756	167.059000	A4	69	52	788	126.000000	A4	69	90	
757	167.565000	E3	52	54	793	126.375000	E3	52	90	
758	167.565000	E5	76	61	789	126.375000	E5	76	90	
759	167.570000	C5	72	52	791	126.375000	C5	72	90	
760	167.576000	E4	64	55	790	126.375000	E4	64	90	
761	167.588000	A2	45	44	792	126.375000	A2	45	90	
762	168.018000	C5	72	61	795	126.750000	C5	72	90	
763	168.037000	A4	69	52	794	126.750000	A4	69	90	
764	168.215000	F3	53	60	796	126.937500	F#3	54	90	
765	168.606000	G#3	56	53	800	127.125000	G3	55	90	
766	168.629000	B4	71	57	798	127.125000	B4	71	90	
767	168.640000	G4	67	49	797	127.125000	G4	67	90	
768	168.642000	E3	52	50	799	127.125000	E3	52	90	
769	168.916000	A3	57	42	*	-1	*	-1	-1	
770	168.969000	A3	57	27	*	-1	*	-1	-1	
771	169.304000	C4	60	49	801	127.500000	B3	59	90	
772	169.769000	C4	60	54	802	127.875000	C4	60	90	
773	170.252000	A4	69	53	803	128.250000	A4	69	90	
774	170.259000	F#4	66	47	804	128.250000	F#4	66	90	
775	170.687000	B4	71	61	806	128.625000	B4	71	90	
776	170.712000	G4	67	50	805	128.625000	G4	67	90	
777	171.070000	Eb4	63	61	809	129.000000	Eb4	63	90	
778	171.105000	A4	69	43	808	129.000000	A4	69	90	
779	171.105000	C5	72	50	807	129.000000	C5	72	90	
780	171.690000	B4	71	54	810	129.375000	B4	71	90	
781	171.703000	E4	64	50	812	129.375000	E4	64	90	
782	171.712000	G4	67	46	811	129.375000	G4	67	90	
783	172.533000	E3	52	56	813	130.125000	E3	52	90	
784	172.953000	C5	72	62	815	130.500000	C5	72	90	
785	172.972000	A4	69	53	814	130.500000	A4	69	90	
786	173.361000	E5	76	65	817	130.875000	E5	76	90	
787	173.370000	C5	72	62	816	130.875000	C5	72	90	
788	173.724000	C4	60	66	820	131.250000	C4	60	90	
789	173.758000	C5	72	53	819	131.250000	C5	72	90	
790	173.795000	A4	69	37	818	131.250000	A4	69	90	
791	174.158000	E4	64	59	823	131.625000	E4	64	90	
792	174.176000	B4	71	59	821	131.625000	B4	71	90	
793	174.189000	G4	67	50	822	131.625000	G4	67	90	
794	174.548000	C4	60	62	824	132.000000	C4	60	90	
795	174.921000	B3	59	63	825	132.375000	B3	59	90	
796	175.302000	A4	69	59	827	132.750000	A4	69	90	
797	175.315000	F#4	66	49	826	132.750000	F#4	66	90	
798	175.683000	B4	71	65	828	133.125000	B4	71	90	
799	175.704000	G4	67	53	829	133.125000	G4	67	90	
800	176.071000	C5	72	56	830	133.500000	C5	72	90	
801	176.080000	A3	57	48	832	133.500000	A3	57	90	
802	176.099000	A4	69	44	831	133.500000	A4	69	90	
803	176.577000	B4	71	55	834	133.875000	B4	71	90	
804	176.595000	B3	59	47	835	133.875000	B3	59	90	
805	176.598000	G4	67	44	833	133.875000	G4	67	90	
806	177.406000	E3	52	57	836	134.625000	E3	52	90	
807	178.240000	B4	71	55	837	135.375000	B4	71	90	
808	178.257000	G4	67	48	838	135.375000	G4	67	90	
809	179.548000	F2	41	33	842	136.125000	F2	41	90	
810	179.566000	B4	71	45	840	136.125000	B4	71	90	
811	179.578000	C4	60	41	839	136.125000	C4	60	90	
812	179.584000	G4	67	40	841	136.125000	G4	67	90	
813	180.464000	A4	69	45	844	136.875000	A4	69	90	
814	180.474000	F4	65	41	843	136.875000	F4	65	90	
815	180.834000	G4	67	51	845	137.250000	G4	67	90	
816	180.836000	E4	64	46	846	137.250000	E4	64	90	
817	181.213000	F3	53	45	851	137.625000	F3	53	90	
818	181.217000	F5	77	63	847	137.625000	F5	77	90	
819	181.230000	F4	65	40	849	137.625000	F4	65	90	
820	181.235000	D4	62	43	850	137.625000	D4	62	90	
821	181.246000	A4	69	41	848	137.625000	A4	69	90	
822	181.574000	E4	64	55	852	138.000000	E4	64	90	
823	181.582000	C4	60	50	853	138.000000	C4	60	90	
824	182.023000	F5	77	62	855	138.375000	F5	77	90	
825	182.040000	E4	64	48	858	138.375000	E4	64	90	
826	182.044000	A4	69	54	854	138.375000	A4	69	90	
827	182.048000	G3	55	42	856	138.375000	G3	55	90	
828	182.055000	C4	60	38	857	138.375000	C4	60	90	
829	182.809000	G4	67	56	859	139.125000	G4	67	90	
830	182.820000	B3	59	40	860	139.125000	B3	59	90	
831	182.831000	D4	62	43	861	139.125000	D4	62	90	
832	183.166000	A5	81	61	862	139.500000	A5	81	90	
833	183.507000	G5	79	62	863	139.875000	G5	79	90	
834	183.515000	C4	60	47	866	139.875000	C4	60	90	
835	183.523000	E4	64	47	865	139.875000	E4	64	90	
836	183.539000	A4	69	49	864	139.875000	A4	69	90	
837	183.846000	F5	77	65	867	140.250000	F5	77	90	
838	183.856000	F4	65	56	869	140.250000	F4	65	90	
839	183.869000	D4	62	47	870	140.250000	D4	62	90	
840	184.178000	G4	67	57	874	140.625000	G4	67	90	
841	184.195000	G3	55	36	875	140.625000	G3	55	90	
842	184.199000	E5	76	65	871	140.625000	E5	76	90	
843	184.209000	E4	64	57	873	140.625000	E4	64	90	
844	184.210000	C5	72	57	872	140.625000	C5	72	90	
845	184.543000	G5	79	64	876	141.000000	G5	79	90	
846	184.885000	C6	84	68	877	141.375000	C6	84	90	
847	185.213000	A5	81	67	878	141.750000	A5	81	90	
848	185.222000	E4	64	59	879	141.750000	E4	64	90	
849	185.606000	E5	76	65	880	142.125000	E5	76	90	
850	185.621000	A4	69	47	882	142.125000	A4	69	90	
851	185.640000	C5	72	47	881	142.125000	C5	72	90	
852	186.002000	D4	62	51	883	142.500000	D4	62	90	
853	186.156000	F#5	78	61	884	142.687500	F#5	78	90	
854	186.457000	F#5	78	55	886	142.875000	F#5	78	90	
855	186.465000	G3	55	36	888	142.875000	G3	55	90	
856	186.467000	D4	62	29	887	142.875000	D4	62	90	
857	186.469000	C5	72	48	885	142.875000	C5	72	90	
858	187.304000	G5	79	61	889	143.625000	G5	79	90	
859	187.330000	B4	71	49	890	143.625000	B4	71	90	
860	187.766000	G4	67	60	893	144.000000	G4	67	90	
861	187.778000	D4	62	52	891	144.000000	D4	62	90	
862	187.795000	B3	59	47	892	144.000000	B3	59	90	
863	188.242000	C5	72	64	895	144.375000	C5	72	90	
864	188.247000	G4	67	58	896	144.375000	G4	67	90	
865	188.251000	E4	64	57	894	144.375000	E4	64	90	
866	188.649000	A4	69	65	898	144.750000	A4	69	90	
867	188.667000	E4	64	58	899	144.750000	E4	64	90	
868	188.670000	C4	60	58	897	144.750000	C4	60	90	
869	188.837000	G1	31	56	*	-1	*	-1	-1	
870	189.193000	F#4	66	63	900	145.125000	F#4	66	90	
871	189.207000	C4	60	56	901	145.125000	C4	60	90	
872	189.212000	A3	57	52	902	145.125000	A3	57	90	
873	189.223000	G2	43	55	903	145.125000	G2	43	90	
874	190.101000	G4	67	60	904	145.875000	G4	67	90	
875	190.113000	B3	59	51	905	145.875000	B3	59	90	
876	190.545000	G#4	68	68	906	146.250000	G#4	68	90	
877	190.546000	F3	53	54	909	146.250000	F3	53	90	
878	190.562000	B3	59	52	907	146.250000	B3	59	90	
879	190.569000	D4	62	53	908	146.250000	D4	62	90	
880	191.028000	E3	52	51	913	146.625000	E3	52	90	
881	191.034000	A4	69	66	911	146.625000	A4	69	90	
882	191.039000	E4	64	58	910	146.625000	E4	64	90	
883	191.066000	C4	60	45	912	146.625000	C4	60	90	
884	191.418000	A3	57	51	916	147.000000	A3	57	90	
885	191.426000	F4	65	70	915	147.000000	F4	65	90	
886	191.452000	C4	60	52	914	147.000000	C4	60	90	
887	191.891000	Eb4	63	66	917	147.375000	Eb4	63	90	
888	191.905000	F#3	54	48	919	147.375000	F#3	54	90	
889	191.907000	A3	57	54	918	147.375000	A3	57	90	
890	192.683000	E4	64	62	921	148.125000	E4	64	90	
891	192.701000	B3	59	55	922	148.125000	B3	59	90	
892	192.701000	G3	55	48	923	148.125000	G3	55	90	
893	193.151000	G4	67	64	924	148.500000	G4	67	90	
894	193.162000	Bb3	58	57	925	148.500000	Bb3	58	90	
895	193.922000	F4	65	58	926	149.250000	F4	65	90	
896	193.938000	A3	57	49	927	149.250000	A3	57	90	
897	194.362000	F4	65	61	928	149.625000	F4	65	90	
898	194.367000	Bb3	58	49	930	149.625000	Bb3	58	90	
899	194.400000	A3	57	39	929	149.625000	A3	57	90	
900	194.795000	E4	64	63	932	150.000000	E4	64	90	
901	194.804000	G3	55	55	931	150.000000	G3	55	90	
902	195.341000	D4	62	60	933	150.375000	D4	62	90	
903	195.354000	G3	55	49	935	150.375000	G3	55	90	
904	195.354000	Bb2	46	43	934	150.375000	Bb2	46	90	
905	195.383000	E3	52	45	936	150.375000	E3	52	90	
906	196.131000	A2	45	43	938	151.125000	A2	45	90	
907	196.142000	C#4	61	64	937	151.125000	C#4	61	90	
908	196.563000	A4	69	58	939	151.500000	A4	69	90	
909	197.162000	G4	67	56	942	151.875000	G4	67	90	
910	197.164000	C#4	61	50	941	151.875000	C#4	61	90	
911	197.167000	E3	52	41	943	151.875000	E3	52	90	
912	197.174000	D3	50	36	944	151.875000	D3	50	90	
913	197.178000	A3	57	41	940	151.875000	A3	57	90	
914	198.160000	F4	65	50	945	152.625000	F4	65	90	
915	198.172000	F3	53	39	948	152.625000	F3	53	90	
916	198.181000	D4	62	44	946	152.625000	D4	62	90	
917	198.597000	F4	65	60	949	153.000000	F4	65	90	
918	198.630000	D4	62	56	950	153.000000	D4	62	90	
919	199.051000	B2	47	55	954	153.375000	B2	47	90	
920	199.062000	F4	65	45	953	153.375000	F4	65	90	
921	199.062000	A4	69	60	952	153.375000	A4	69	90	
922	199.070000	A3	57	52	951	153.375000	A3	57	90	
923	199.511000	F4	65	65	956	153.750000	F4	65	90	
924	199.539000	D4	62	58	955	153.750000	D4	62	90	
925	200.228000	E3	52	42	960	154.125000	E3	52	90	
926	200.242000	D4	62	43	958	154.125000	D4	62	90	
927	200.247000	E4	64	59	957	154.125000	E4	64	90	
928	200.263000	G#3	56	51	959	154.125000	G#3	56	90	
929	201.269000	G4	67	61	961	154.875000	G4	67	90	
930	201.278000	A3	57	48	962	154.875000	A3	57	90	
931	201.282000	C4	60	50	963	154.875000	C4	60	90	
932	201.794000	F4	65	63	964	155.250000	F4	65	90	
933	202.202000	E4	64	58	967	155.625000	E4	64	90	
934	202.202000	E2	40	40	968	155.625000	E2	40	90	
935	202.223000	G3	55	49	966	155.625000	G3	55	90	
936	202.240000	B3	59	37	965	155.625000	B3	59	90	
937	202.679000	Eb4	63	59	969	156.000000	Eb4	63	90	
938	202.701000	A3	57	45	970	156.000000	A3	57	90	
939	202.706000	F3	53	42	971	156.000000	F3	53	90	
940	203.403000	Eb4	63	55	973	156.375000	Eb4	63	90	
941	203.418000	F3	53	40	974	156.375000	F3	53	90	
942	203.420000	A3	57	40	972	156.375000	A3	57	90	
943	204.922000	G#3	56	36	976	157.125000	G#3	56	90	
944	204.928000	E4	64	44	975	157.125000	E4	64	90	
945	204.934000	E3	52	34	977	157.125000	E3	52	90	
946	206.047000	C5	72	44	979	157.500000	C5	72	90	
947	206.056000	A4	69	39	978	157.500000	A4	69	90	
948	206.563000	E5	76	55	980	157.875000	E5	76	90	
949	206.591000	C5	72	44	981	157.875000	C5	72	90	
950	207.031000	C5	72	57	982	158.250000	C5	72	90	
951	207.063000	A4	69	48	983	158.250000	A4	69	90	
952	207.758000	B4	71	56	985	158.625000	B4	71	90	
953	207.776000	D4	62	43	984	158.625000	D4	62	90	
954	207.786000	E3	52	37	986	158.625000	E3	52	90	
955	208.786000	G#4	68	47	988	159.375000	G#4	68	90	
956	208.796000	C4	60	45	987	159.375000	C4	60	90	
957	209.224000	A4	69	57	989	159.750000	A4	69	90	
958	209.238000	F4	65	51	990	159.750000	F4	65	90	
959	209.632000	C5	72	60	991	160.125000	C5	72	90	
960	209.643000	E4	64	54	993	160.125000	E4	64	90	
961	209.654000	G4	67	51	992	160.125000	G4	67	90	
962	210.062000	A4	69	59	995	160.500000	A4	69	90	
963	210.067000	F4	65	56	994	160.500000	F4	65	90	
964	210.079000	D4	62	52	996	160.500000	D4	62	90	
965	210.719000	E4	64	53	998	160.875000	E4	64	90	
966	210.734000	D4	62	45	999	160.875000	D4	62	90	
967	210.743000	E3	52	45	1000	160.875000	E3	52	90	
968	210.763000	G#3	56	42	997	160.875000	G#3	56	90	
969	211.412000	G4	67	51	*	-1	*	-1	-1	
970	211.474000	F4	65	57	1002	161.437500	F4	65	90	
971	211.853000	A2	45	33	1006	161.625000	A2	45	90	
972	211.860000	E4	64	45	1003	161.625000	E4	64	90	
973	211.868000	A3	57	40	1005	161.625000	A3	57	90	
974	211.872000	C4	60	43	1004	161.625000	C4	60	90	
975	212.512000	C5	72	56	1007	162.000000	C5	72	90	
976	212.545000	A4	69	37	1008	162.000000	A4	69	90	
977	212.995000	E5	76	59	1009	162.375000	E5	76	90	
978	213.005000	C5	72	44	1010	162.375000	C5	72	90	
979	213.006000	A3	57	60	1012	162.375000	A3	57	90	
980	213.008000	E4	64	50	1011	162.375000	E4	64	90	
981	213.478000	C5	72	64	1014	162.750000	C5	72	90	
982	213.646000	G3	55	53	1016	162.937500	G3	55	90	
983	213.959000	A3	57	57	*	-1	*	-1	-1	
984	213.966000	G3	55	49	1020	163.125000	G3	55	90	
985	213.976000	A4	69	56	1019	163.125000	A4	69	90	
986	213.978000	E4	64	53	1018	163.125000	E4	64	90	
987	213.982000	C4	60	50	1017	163.125000	C4	60	90	
988	214.788000	F#3	54	62	1021	163.875000	F#3	54	90	
989	215.162000	A4	69	65	1022	164.250000	A4	69	90	
990	215.834000	C5	72	61	1023	164.625000	C5	72	90	
991	215.839000	B2	47	41	1026	164.625000	B2	47	90	
992	215.853000	A4	69	54	1024	164.625000	A4	69	90	
993	215.855000	B1	35	37	1027	164.625000	B1	35	90	
994	215.857000	Eb4	63	50	1025	164.625000	Eb4	63	90	
995	216.666000	A4	69	57	1029	165.187500	A4	69	90	
996	216.687000	Eb4	63	48	1028	165.187500	Eb4	63	90	
997	216.689000	C4	60	47	1030	165.187500	C4	60	90	
998	216.969000	A4	69	57	1032	165.375000	A4	69	90	
999	216.977000	Eb4	63	44	1031	165.375000	Eb4	63	90	
1000	216.984000	C4	60	44	1033	165.375000	C4	60	90	
1001	217.001000	E3	52	42	1034	165.375000	E3	52	90	
1002	217.005000	E2	40	35	1035	165.375000	E2	40	90	
1003	218.142000	G#4	68	52	1036	166.125000	G#4	68	90	
1004	218.177000	E4	64	36	1037	166.125000	E4	64	90	
1005	218.178000	B3	59	37	1038	166.125000	B3	59	90	
1006	218.716000	F5	77	55	1039	166.500000	F5	77	90	
1007	219.286000	D4	62	46	1043	166.875000	D4	62	90	
1008	219.286000	B4	71	51	1042	166.875000	B4	71	90	
1009	219.306000	G#4	68	43	1041	166.875000	G#4	68	90	
1010	219.328000	F4	65	30	1040	166.875000	F4	65	90	
1011	219.797000	C4	60	53	1044	167.250000	C4	60	90	
1012	219.952000	C5	72	60	1045	167.437500	C5	72	90	
1013	220.189000	E5	76	62	1046	167.625000	E5	76	90	
1014	220.198000	F4	65	24	*	-1	*	-1	-1	
1015	220.200000	B3	59	45	1047	167.625000	B3	59	90	
1016	220.664000	D5	74	58	1048	168.000000	D5	74	90	
1017	221.125000	G#4	68	59	1050	168.375000	G#4	68	90	
1018	221.145000	Bb3	58	46	1052	168.375000	Bb3	58	90	
1019	221.159000	F4	65	42	1051	168.375000	F4	65	90	
1020	221.165000	D4	62	40	1049	168.375000	D4	62	90	
1021	221.524000	A3	57	58	1053	168.750000	A3	57	90	
1022	221.688000	A4	69	64	1054	168.937500	A4	69	90	
1023	221.955000	C5	72	67	1055	169.125000	C5	72	90	
1024	221.959000	D4	62	34	*	-1	*	-1	-1	
1025	221.974000	G#3	56	56	1056	169.125000	G#3	56	90	
1026	222.410000	B4	71	63	1057	169.500000	B4	71	90	
1027	222.820000	G3	55	61	1061	169.875000	G3	55	90	
1028	222.827000	D5	74	65	1059	169.875000	D5	74	90	
1029	222.829000	Bb4	70	60	1060	169.875000	Bb4	70	90	
1030	222.842000	E4	64	56	1058	169.875000	E4	64	90	
1031	223.230000	C#5	73	71	1062	170.250000	C#5	73	90	
1032	223.598000	F3	53	60	1066	170.625000	F3	53	90	
1033	223.598000	E5	76	71	1065	170.625000	E5	76	90	
1034	223.618000	A4	69	59	1064	170.625000	A4	69	90	
1035	223.620000	F4	65	61	1063	170.625000	F4	65	90	
1036	223.981000	D5	74	74	1067	171.000000	D5	74	90	
1037	224.391000	E5	76	79	1068	171.375000	E5	76	90	
1038	224.406000	A3	57	60	1072	171.375000	A3	57	90	
1039	224.407000	G4	67	70	1070	171.375000	G4	67	90	
1040	224.408000	A4	69	69	1069	171.375000	A4	69	90	
1041	224.414000	C#3	49	55	1071	171.375000	C#3	49	90	
1042	224.852000	A5	81	78	1073	171.750000	A5	81	90	
1043	225.061000	D3	50	62	1077	172.125000	D3	50	90	
1044	225.509000	G5	79	71	1074	172.125000	G5	79	90	
1045	225.528000	C#5	73	62	1076	172.125000	C#5	73	90	
1046	225.538000	E4	64	60	1078	172.125000	E4	64	90	
1047	225.546000	A4	69	52	1075	172.125000	A4	69	90	
1048	226.569000	F5	77	69	1081	172.875000	F5	77	90	
1049	226.570000	D4	62	61	1082	172.875000	D4	62	90	
1050	226.582000	D5	74	59	1079	172.875000	D5	74	90	
1051	226.592000	A4	69	52	1080	172.875000	A4	69	90	
1052	227.037000	F5	77	73	1084	173.250000	F5	77	90	
1053	227.053000	D5	74	61	1083	173.250000	D5	74	90	
1054	227.567000	A5	81	72	1085	173.625000	A5	81	90	
1055	227.576000	F5	77	65	1087	173.625000	F5	77	90	
1056	228.002000	F5	77	69	1089	174.000000	F5	77	90	
1057	228.020000	D5	74	62	1088	174.000000	D5	74	90	
1058	228.541000	D3	50	48	1093	174.375000	D3	50	90	
1059	228.547000	D2	38	43	1094	174.375000	D2	38	90	
1060	228.557000	E5	76	72	1092	174.375000	E5	76	90	
1061	228.568000	A4	69	62	1091	174.375000	A4	69	90	
1062	228.579000	G4	67	58	1090	174.375000	G4	67	90	
1063	229.173000	D5	74	65	1095	174.750000	D5	74	90	
1064	229.182000	Bb4	70	63	1096	174.750000	Bb4	70	90	
1065	229.201000	F4	65	54	1097	174.750000	F4	65	90	
1066	229.603000	F5	77	66	1098	175.125000	F5	77	90	
1067	229.615000	D5	74	59	1100	175.125000	D5	74	90	
1068	229.622000	Bb4	70	55	1099	175.125000	Bb4	70	90	
1069	229.991000	D5	74	64	1103	175.500000	D5	74	90	
1070	230.000000	Bb4	70	60	1102	175.500000	Bb4	70	90	
1071	230.001000	F4	65	55	1101	175.500000	F4	65	90	
1072	230.458000	C5	72	65	1106	175.875000	C5	72	90	
1073	230.465000	F4	65	51	1104	175.875000	F4	65	90	
1074	230.479000	Eb4	63	62	1105	175.875000	Eb4	63	90	
1075	230.942000	Bb4	70	66	1109	176.250000	Bb4	70	90	
1076	230.952000	F4	65	62	1108	176.250000	F4	65	90	
1077	230.955000	D4	62	58	1107	176.250000	D4	62	90	
1078	231.313000	D5	74	71	1111	176.625000	D5	74	90	
1079	231.319000	Bb4	70	61	1112	176.625000	Bb4	70	90	
1080	231.329000	F4	65	57	1110	176.625000	F4	65	90	
1081	231.716000	Bb4	70	66	1114	177.000000	Bb4	70	90	
1082	231.720000	F4	65	62	1113	177.000000	F4	65	90	
1083	231.740000	D4	62	58	1115	177.000000	D4	62	90	
1084	232.408000	A4	69	66	1117	177.375000	A4	69	90	
1085	232.420000	D4	62	59	1119	177.375000	D4	62	90	
1086	232.433000	C4	60	56	1118	177.375000	C4	60	90	
1087	232.923000	G#4	68	69	1120	177.750000	G#4	68	90	
1088	232.928000	B3	59	62	1121	177.750000	B3	59	90	
1089	233.230000	C#3	49	48	*	-1	*	-1	-1	
1090	233.288000	D3	50	51	1126	178.125000	D3	50	90	
1091	233.881000	B3	59	56	1125	178.125000	B3	59	90	
1092	233.909000	F5	77	68	1123	178.125000	F5	77	90	
1093	233.925000	G#4	68	54	1122	178.125000	G#4	68	90	
1094	233.926000	F4	65	57	1124	178.125000	F4	65	90	
1095	234.664000	B3	59	43	*	-1	*	-1	-1	
1096	234.916000	E5	76	63	1127	178.687500	E5	76	90	
1097	235.337000	E5	76	53	1130	178.875000	E5	76	90	
1098	235.345000	E4	64	48	1128	178.875000	E4	64	90	
1099	235.345000	A4	69	46	1129	178.875000	A4	69	90	
1100	235.345000	A3	57	36	1131	178.875000	A3	57	90	
1101	235.354000	C3	48	40	1132	178.875000	C3	48	90	
1102	236.123000	A4	69	50	1133	179.250000	A4	69	90	
1103	236.602000	G#4	68	54	1134	179.625000	G#4	68	90	
1104	237.006000	E5	76	63	1136	180.000000	E5	76	90	
1105	237.022000	G4	67	53	1135	180.000000	G4	67	90	
1106	237.458000	A4	69	64	1137	180.375000	A4	69	90	
1107	237.474000	F#4	66	55	1138	180.375000	F#4	66	90	
1108	237.476000	D3	50	42	1140	180.375000	D3	50	90	
1109	237.478000	A3	57	37	1139	180.375000	A3	57	90	
1110	237.919000	B4	71	66	1142	180.750000	B4	71	90	
1111	237.926000	F4	65	62	1141	180.750000	F4	65	90	
1112	238.524000	E3	52	41	1145	181.125000	E3	52	90	
1113	238.537000	C5	72	66	1144	181.125000	C5	72	90	
1114	238.553000	E4	64	50	1143	181.125000	E4	64	90	
1115	239.111000	F4	65	52	1146	181.500000	F4	65	90	
1116	239.519000	C4	60	63	1147	181.875000	C4	60	90	
1117	239.959000	D4	62	60	1148	182.250000	D4	62	90	
1118	240.236000	F4	65	66	*	-1	*	-1	-1	
1119	240.655000	G#4	68	61	1151	182.625000	G#4	68	90	
1120	240.678000	E4	64	47	1150	182.625000	E4	64	90	
1121	240.684000	D4	62	46	1149	182.625000	D4	62	90	
1122	240.705000	E3	52	39	1152	182.625000	E3	52	90	
1123	241.733000	A4	69	56	*	-1	*	-1	-1	
1124	242.244000	A2	45	34	1154	183.375000	A2	45	90	
1125	242.254000	A4	69	55	1153	183.375000	A4	69	90	
1126	242.974000	F4	65	51	1155	183.750000	F4	65	90	
1127	243.008000	D4	62	39	1156	183.750000	D4	62	90	
1128	244.003000	F4	65	62	1158	184.500000	F4	65	90	
1129	244.024000	D4	62	49	1157	184.500000	D4	62	90	
1130	244.527000	A4	69	63	1159	184.875000	A4	69	90	
1131	244.537000	F4	65	55	1160	184.875000	F4	65	90	
1132	245.074000	F4	65	65	1161	185.250000	F4	65	90	
1133	245.102000	D4	62	55	1162	185.250000	D4	62	90	
1134	245.998000	E4	64	54	1163	185.625000	E4	64	90	
1135	246.001000	C4	60	52	1164	185.625000	C4	60	90	
1136	246.001000	F3	53	44	1165	185.625000	F3	53	90	
1137	246.211000	A4	69	11	*	-1	*	-1	-1	
1138	246.804000	B3	59	44	1168	186.000000	B3	59	90	
1139	246.816000	D4	62	51	1167	186.000000	D4	62	90	
1140	248.178000	D4	62	44	1169	186.750000	D4	62	90	
1141	248.199000	B3	59	39	1170	186.750000	B3	59	90	
1142	248.890000	F4	65	48	1171	187.125000	F4	65	90	
1143	248.922000	D4	62	40	1172	187.125000	D4	62	90	
1144	249.785000	D4	62	39	1173	187.500000	D4	62	90	
1145	249.792000	B3	59	34	1174	187.500000	B3	59	90	
1146	251.702000	A2	45	28	1178	187.875000	A2	45	90	
1147	251.705000	A4	69	38	1176	187.875000	A4	69	90	
1148	251.709000	C4	60	36	1177	187.875000	C4	60	90	
1149	251.711000	E4	64	40	1175	187.875000	E4	64	90	
1150	251.724000	E3	52	32	1179	187.875000	E3	52	90	
*	-1	*	-1	-1	40	7.875000	D4	62	90	
*	-1	*	-1	-1	205	35.625000	A3	57	90	
*	-1	*	-1	-1	241	40.875000	C5	72	90	
*	-1	*	-1	-1	260	43.875000	E3	52	90	
*	-1	*	-1	-1	261	43.875000	E3	52	90	
*	-1	*	-1	-1	282	47.625000	A4	69	90	
*	-1	*	-1	-1	288	48.187500	Eb4	63	90	
*	-1	*	-1	-1	289	48.187500	C4	60	90	
*	-1	*	-1	-1	340	56.625000	B4	71	90	
*	-1	*	-1	-1	346	57.375000	F5	77	90	
*	-1	*	-1	-1	347	57.375000	A4	69	90	
*	-1	*	-1	-1	348	57.375000	B4	71	90	
*	-1	*	-1	-1	349	57.375000	D4	62	90	
*	-1	*	-1	-1	390	64.375000	A2	45	90	
*	-1	*	-1	-1	397	65.375000	F3	53	90	
*	-1	*	-1	-1	408	66.375000	A2	45	90	
*	-1	*	-1	-1	441	71.625000	F3	53	90	
*	-1	*	-1	-1	448	72.375000	E3	52	90	
*	-1	*	-1	-1	450	72.750000	F4	65	90	
*	-1	*	-1	-1	468	75.000000	F#4	66	90	
*	-1	*	-1	-1	501	79.875000	D5	74	90	
*	-1	*	-1	-1	503	80.125000	B3	59	90	
*	-1	*	-1	-1	507	80.875000	A3	57	90	
*	-1	*	-1	-1	513	81.625000	G3	55	90	
*	-1	*	-1	-1	518	82.375000	F#3	54	90	
*	-1	*	-1	-1	524	83.125000	E3	52	90	
*	-1	*	-1	-1	531	83.875000	A3	57	90	
*	-1	*	-1	-1	535	84.375000	F#5	78	90	
*	-1	*	-1	-1	537	84.625000	D4	62	90	
*	-1	*	-1	-1	541	85.375000	C#4	61	90	
*	-1	*	-1	-1	547	86.125000	B3	59	90	
*	-1	*	-1	-1	552	86.875000	A3	57	90	
*	-1	*	-1	-1	557	87.625000	G#3	56	90	
*	-1	*	-1	-1	562	88.125000	B4	71	90	
*	-1	*	-1	-1	564	88.375000	C#4	61	90	
*	-1	*	-1	-1	568	88.875000	A5	81	90	
*	-1	*	-1	-1	570	89.125000	F#3	54	90	
*	-1	*	-1	-1	574	89.875000	C#4	61	90	
*	-1	*	-1	-1	578	90.625000	C4	60	90	
*	-1	*	-1	-1	582	91.375000	C4	60	90	
*	-1	*	-1	-1	586	92.125000	B3	59	90	
*	-1	*	-1	-1	591	92.875000	A3	57	90	
*	-1	*	-1	-1	594	93.375000	F#5	78	90	
*	-1	*	-1	-1	598	93.625000	Eb4	63	90	
*	-1	*	-1	-1	602	94.375000	D4	62	90	
*	-1	*	-1	-1	606	95.125000	D4	62	90	
*	-1	*	-1	-1	610	95.875000	Eb4	63	90	
*	-1	*	-1	-1	613	96.625000	E4	64	90	
*	-1	*	-1	-1	617	97.375000	F4	65	90	
*	-1	*	-1	-1	620	98.125000	B3	59	90	
*	-1	*	-1	-1	624	98.875000	A3	57	90	
*	-1	*	-1	-1	630	99.625000	G#3	56	90	
*	-1	*	-1	-1	633	99.868750	B4	71	90	
*	-1	*	-1	-1	636	100.375000	F#3	54	90	
*	-1	*	-1	-1	640	101.125000	B3	59	90	
*	-1	*	-1	-1	645	101.875000	B2	47	90	
*	-1	*	-1	-1	648	102.118750	Eb4	63	90	
*	-1	*	-1	-1	686	108.125000	F3	53	90	
*	-1	*	-1	-1	720	113.250000	Eb4	63	90	
*	-1	*	-1	-1	868	140.250000	B4	71	90	
*	-1	*	-1	-1	920	147.375000	G2	43	90	
*	-1	*	-1	-1	947	152.625000	A3	57	90	
*	-1	*	-1	-1	1001	160.875000	E3	52	90	
*	-1	*	-1	-1	1013	162.375000	A3	57	90	
*	-1	*	-1	-1	1015	162.750000	A4	69	90	
*	-1	*	-1	-1	1086	173.625000	A5	81	90	
*	-1	*	-1	-1	1116	177.375000	F4	65	90	
*	-1	*	-1	-1	1166	185.625000	A2	45	90	
*	-1	*	-1	-1	339	56.625000	A4	69	90	
*	-1	*	-1	-1	338	56.625000	F4	65	90	
*	-1	*	-1	-1	353	58.875000	E4	64	90	
*	-1	*	-1	-1	453	72.875000	G3	55	90	
